00000000000000000000000000000000000000000000000000000000000000000000000000000000000000000000000000000000000000000000000000000000000000000000000000000000000000000000000000000000000000000000000000000000
0
00000200000000000000000000000000000000000000000000000000000000000000000000000000000000000000000000000000000000000000000000000000000000000000000000000000000000000000000000000000000000000000000000000000
0
00000220000000020000000000000000000000000000000000000000000000000000000000000000000000000000000000000000000000000000000000000000000000000000000000000000000000000000000000000000000000000000000000000000
0
00000200000000022000000002000000000000000000000000000000000000000000000000000000000000000000000000000000000000000000000000000000000000000000000000000000000000000000000000000000000000000000000000000000
0
00000000000000020000000002200000000200000000000000000000000000000000000000000000000000000000000000000000000000000000000000000000000000000000000000000000000000000000000000000000000000000000000000000000
0
00000000000000000000000002000000000220000000020000000000000000000000000000000000000000000000000000000000000000000000000000000000000000000000000000000000000000000000000000000000000000000000000000000000
0
00000000000000000000000000000000000200000000022000000002000000000000000000000000000000000000000000000000000000000000000000000000000000000000000000000000000000000000000000000000000000000000000000000000
0
00000000000000000000000000000000000000000000020000000002200000000200000000000000000000000000000000000000000000000000000000000000000000000000000000000000000000000000000000000000000000000000000000000000
0
00000000000000000000000000000000000000000000000000000002000000000220000000020000000000000000000000000000000000000000000000000000000000000000000000000000000000000000000000000000000000000000000000000000
0
00000000000000000000000000000000000000000000000000000000000000000200000000022000000002000000000000000000000000000000000000000000000000000000000000000000000000000000000000000000000000000000000000000000
0
00000000000000000000000000000000000000000000000000000000000000000000000000020000000002200000000200000000000000000000000000000000000000000000000000000000000000000000000000000000000000000000000000000000
0
00000000000000000000000000000000000000000000000000000000000000000000000000000000000002000000000220000000020000000000000000000000000000000000000000000000000000000000000000000000000000000000000000000000
0
00000000000000000000000000000000000000000000000000000000000000000000000000000000000000000000000200000000022000000002000000000000000000000000000000000000000000000000000000000000000000000000000000000000
0
00000000000000000000000000000000000000000000000000000000000000000000000000000000000000000000000000000000020000000002200000000200000000000000000000000000000000000000000000000000000000000000000000000000
0
00000000000000000000000000000000000000000000000000000000000000000000000000000000000000000000000000000000000000000002000000000220000000020000000000000000000000000000000000000000000000000000000000000000
0
00000000000000000000000000000000000000000000000000000000000000000000000000000000000000000000000000000000000000000000000000000200000000022000000002000000000000000000000000000000000000000000000000000000
0
00000000000000000000000000000000000000000000000000000000000000000000000000000000000000000000000000000000000000000000000000000000000000020000000002200000000200000000000000000000000000000000000000000000
0
00000000000000000000000000000000000000000000000000000000000000000000000000000000000000000000000000000000000000000000000000000000000000000000000002000000000220000000020000000000000000000000000000000000
0
00000000000000000000000000000000000000000000000000000000000000000000000000000000000000000000000000000000000000000000000000000000000000000000000000000000000200000000022000000002000000000000000000000000
0
00000000000000000000000000000000000000000000000000000000000000000000000000000000000000000000000000000000000000000000000000000000000000000000000000000000000000000000020000000002200000000200000000000000
0
00000000000000000000000000000000000000000000000000000000000000000000000000000000000000000000000000000000000000000000000000000000000000000000000000000000000000000000000000000002000000000220000000020000
0
00000000000000000000000000000000000000000000000000000000000000000000000000000000000000000000000000000000000000000000000000000000000000000000000000000000000000000000000000000001000000000110000000010000
0
00000000000000000000000000000000000000000000000000000000000000000000000000000000000000000000000000000000000000000000000000000000000000000000000000000000000000000000000000000001000000000110000000010000
0
00000020000000000000000000000000000000000000000000000000000000000000000000000000000000000000000000000000000000000000000000000000000000000000000000000000000000000000000000000001000000000110000000010000
0
00002220000000002000000000000000000000000000000000000000000000000000000000000000000000000000000000000000000000000000000000000000000000000000000000000000000000000000000000000001000000000110000000010000
0
00000000000000222000000000200000000000000000000000000000000000000000000000000000000000000000000000000000000000000000000000000000000000000000000000000000000000000000000000000001000000000110000000010000
0
00000000000000000000000022200000000020000000000000000000000000000000000000000000000000000000000000000000000000000000000000000000000000000000000000000000000000000000000000000001000000000110000000010000
0
00000000000000000000000000000000002220000000002000000000000000000000000000000000000000000000000000000000000000000000000000000000000000000000000000000000000000000000000000000001000000000110000000010000
0
00000000000000000000000000000000000000000000222000000000200000000000000000000000000000000000000000000000000000000000000000000000000000000000000000000000000000000000000000000001000000000110000000010000
0
00000000000000000000000000000000000000000000000000000022200000000020000000000000000000000000000000000000000000000000000000000000000000000000000000000000000000000000000000000001000000000110000000010000
0
00000000000000000000000000000000000000000000000000000000000000002220000000002000000000000000000000000000000000000000000000000000000000000000000000000000000000000000000000000001000000000110000000010000
0
00000000000000000000000000000000000000000000000000000000000000000000000000222000000000200000000000000000000000000000000000000000000000000000000000000000000000000000000000000001000000000110000000010000
4
00000000000000000000000000000000000000000000000000000000000000000000000000000000000002220000000002000000000000000000000000000000000000000000000000000000000000000000000000000001000000000110000000010000
0
00000000000000000000000000000000000000000000000000000000000000000000000000000000000000000000000222000000000200000000000000000000000000000000000000000000000000000000000000000001000000000110000000010000
4
00000000000000000000000000000000000000000000000000000000000000000000000000000000000000000000000000000000002220000000002000000000000000000000000000000000000000000000000000000001000000000110000000010000
0
00000000000000000000000000000000000000000000000000000000000000000000000000000000000000000000000000000000000000000000222000000000200000000000000000000000000000000000000000000001000000000110000000010000
2
00000000000000000000000000000000000000000000000000000000000000000000000000000000000000000000000000000000000000000000020000000002000000002200000000000000000000000000000000000001000000000110000000010000
0
00000000000000000000000000000000000000000000000000000000000000000000000000000000000000000000000000000000000000000000000000000002000000000200000000220000000000000000000000000001000000000110000000010000
2
00000000000000000000000000000000000000000000000000000000000000000000000000000000000000000000000000000000000000000000000000000000000000002000000000222000000000000000000000000001000000000110000000010000
4
00000000000000000000000000000000000000000000000000000000000000000000000000000000000000000000000000000000000000000000000000000000000000000000000000020000000002220000000000000001000000000110000000010000
4
00000000000000000000000000000000000000000000000000000000000000000000000000000000000000000000000000000000000000000000000000000000000000000000000000000000000002000000000222000001000000000110000000010000
0
00000000000000000000000000000000000000000000000000000000000000000000000000000000000000000000000000000000000000000000000000000000000000000000000000000000000000000000000200000001022200000110000000010000
0
00000000000000000000000000000000000000000000000000000000000000000000000000000000000000000000000000000000000000000000000000000000000000000000000000000000000000000000000000000001020000000112220000010000
0
00000000000000000000000000000000000000000000000000000000000000000000000000000000000000000000000000000000000000000000000000000000000000000000000000000000000000000000000000000001000000000112000000010222
0
00000000000000000000000000000000000000000000000000000000000000000000000000000000000000000000000000000000000000000000000000000000000000000000000000000000000000000000000000000001000000000111000000010111
0
00000000000000000000000000000000000000000000000000000000000000000000000000000000000000000000000000000000000000000000000000000000000000000000000000000000000000000000000000000001000000000111000000010111
3
00000000000000000000000000000000000000000000000000000000000000000000000000000000000000000000000000000000000000000000000000000000000000000000000000000000000000000000000000000001000000000111000000010111
3
00222000000000000000000000000000000000000000000000000000000000000000000000000000000000000000000000000000000000000000000000000000000000000000000000000000000000000000000000000001000000000111000000010111
0
00200000000022200000000000000000000000000000000000000000000000000000000000000000000000000000000000000000000000000000000000000000000000000000000000000000000000000000000000000001000000000111000000010111
3
00000000000200000000022200000000000000000000000000000000000000000000000000000000000000000000000000000000000000000000000000000000000000000000000000000000000000000000000000000001000000000111000000010111
0
00000000000000000000020000000002220000000000000000000000000000000000000000000000000000000000000000000000000000000000000000000000000000000000000000000000000000000000000000000001000000000111000000010111
0
00000000000000000000000000000002000000000222000000000000000000000000000000000000000000000000000000000000000000000000000000000000000000000000000000000000000000000000000000000001000000000111000000010111
0
00000000000000000000000000000000000000000200000000022200000000000000000000000000000000000000000000000000000000000000000000000000000000000000000000000000000000000000000000000001000000000111000000010111
0
00000000000000000000000000000000000000000000000000020000000002220000000000000000000000000000000000000000000000000000000000000000000000000000000000000000000000000000000000000001000000000111000000010111
0
00000000000000000000000000000000000000000000000000000000000002000000000222000000000000000000000000000000000000000000000000000000000000000000000000000000000000000000000000000001000000000111000000010111
0
00000000000000000000000000000000000000000000000000000000000000000000000200000000022200000000000000000000000000000000000000000000000000000000000000000000000000000000000000000001000000000111000000010111
4
00000000000000000000000000000000000000000000000000000000000000000000000000000000002000000000222000000000000000000000000000000000000000000000000000000000000000000000000000000001000000000111000000010111
0
00000000000000000000000000000000000000000000000000000000000000000000000000000000000000000000200000000022200000000000000000000000000000000000000000000000000000000000000000000001000000000111000000010111
0
00000000000000000000000000000000000000000000000000000000000000000000000000000000000000000000000000000020000000002220000000000000000000000000000000000000000000000000000000000001000000000111000000010111
0
00000000000000000000000000000000000000000000000000000000000000000000000000000000000000000000000000000000000000002000000000222000000000000000000000000000000000000000000000000001000000000111000000010111
0
00000000000000000000000000000000000000000000000000000000000000000000000000000000000000000000000000000000000000000000000000200000000022200000000000000000000000000000000000000001000000000111000000010111
0
00000000000000000000000000000000000000000000000000000000000000000000000000000000000000000000000000000000000000000000000000000000000020000000002220000000000000000000000000000001000000000111000000010111
0
00000000000000000000000000000000000000000000000000000000000000000000000000000000000000000000000000000000000000000000000000000000000000000000002000000000222000000000000000000001000000000111000000010111
0
00000000000000000000000000000000000000000000000000000000000000000000000000000000000000000000000000000000000000000000000000000000000000000000000000000000200000000022200000000001000000000111000000010111
0
00000000000000000000000000000000000000000000000000000000000000000000000000000000000000000000000000000000000000000000000000000000000000000000000000000000000000000020000000002221000000000111000000010111
0
00000000000000000000000000000000000000000000000000000000000000000000000000000000000000000000000000000000000000000000000000000000000000000000000000000000000000000000000000002001000000222111000000010111
0
00000000000000000000000000000000000000000000000000000000000000000000000000000000000000000000000000000000000000000000000000000000000000000000000000000000000000000000000000000001000000200111000022210111
0
00000000000000000000000000000000000000000000000000000000000000000000000000000000000000000000000000000000000000000000000000000000000000000000000000000000000000000000000000000001000000100111000011110111
0
00000000000000000000000000000000000000000000000000000000000000000000000000000000000000000000000000000000000000000000000000000000000000000000000000000000000000000000000000000001000000100111000011110111
0
00000200000000000000000000000000000000000000000000000000000000000000000000000000000000000000000000000000000000000000000000000000000000000000000000000000000000000000000000000001000000100111000011110111
0
00000200000000020000000000000000000000000000000000000000000000000000000000000000000000000000000000000000000000000000000000000000000000000000000000000000000000000000000000000001000000100111000011110111
0
00000220000000020000000002000000000000000000000000000000000000000000000000000000000000000000000000000000000000000000000000000000000000000000000000000000000000000000000000000001000000100111000011110111
3
00000000000000220000000020000000002000000000000000000000000000000000000000000000000000000000000000000000000000000000000000000000000000000000000000000000000000000000000000000001000000100111000011110111
0
00000000000000000000000022000000002000000000200000000000000000000000000000000000000000000000000000000000000000000000000000000000000000000000000000000000000000000000000000000001000000100111000011110111
0
00000000000000000000000000000000002200000000200000000020000000000000000000000000000000000000000000000000000000000000000000000000000000000000000000000000000000000000000000000001000000100111000011110111
0
00000000000000000000000000000000000000000000220000000020000000002000000000000000000000000000000000000000000000000000000000000000000000000000000000000000000000000000000000000001000000100111000011110111
2
00000000000000000000000000000000000000000000000000000000000000022200000000020000000000000000000000000000000000000000000000000000000000000000000000000000000000000000000000000001000000100111000011110111
0
00000000000000000000000000000000000000000000000000000000000000000000000002220000000002000000000000000000000000000000000000000000000000000000000000000000000000000000000000000001000000100111000011110111
0
00000000000000000000000000000000000000000000000000000000000000000000000000000000000222000000000200000000000000000000000000000000000000000000000000000000000000000000000000000001000000100111000011110111
2
00000000000000000000000000000000000000000000000000000000000000000000000000000000000020000000002000000002200000000000000000000000000000000000000000000000000000000000000000000001000000100111000011110111
3
00000000000000000000000000000000000000000000000000000000000000000000000000000000000000000000020000000002000000002200000000000000000000000000000000000000000000000000000000000001000000100111000011110111
3
00000000000000000000000000000000000000000000000000000000000000000000000000000000000000000000000000000020000000002000000002200000000000000000000000000000000000000000000000000001000000100111000011110111
0
00000000000000000000000000000000000000000000000000000000000000000000000000000000000000000000000000000000000000002000000000200000000220000000000000000000000000000000000000000001000000100111000011110111
0
00000000000000000000000000000000000000000000000000000000000000000000000000000000000000000000000000000000000000000000000000200000000020000000022000000000000000000000000000000001000000100111000011110111
3
00000000000000000000000000000000000000000000000000000000000000000000000000000000000000000000000000000000000000000000000000000000000200000000020000000022000000000000000000000001000000100111000011110111
0
00000000000000000000000000000000000000000000000000000000000000000000000000000000000000000000000000000000000000000000000000000000000000000000020000000002000000002200000000000001000000100111000011110111
0
00000000000000000000000000000000000000000000000000000000000000000000000000000000000000000000000000000000000000000000000000000000000000000000000000000002000000000200000000220001000000100111000011110111
0
00000000000000000000000000000000000000000000000000000000000000000000000000000000000000000000000000000000000000000000000000000000000000000000000000000000000000000200000000020001000022100111000011110111
0
00000000000000000000000000000000000000000000000000000000000000000000000000000000000000000000000000000000000000000000000000000000000000000000000000000000000000000000000000020001000002100111002211110111
0
00000000000000000000000000000000000000000000000000000000000000000000000000000000000000000000000000000000000000000000000000000000000000000000000000000000000000000000000000010001000001100111001111110111
0
00000000000000000000000000000000000000000000000000000000000000000000000000000000000000000000000000000000000000000000000000000000000000000000000000000000000000000000000000010001000001100111001111110111
0
00000200000000000000000000000000000000000000000000000000000000000000000000000000000000000000000000000000000000000000000000000000000000000000000000000000000000000000000000010001000001100111001111110111
0
00000220000000020000000000000000000000000000000000000000000000000000000000000000000000000000000000000000000000000000000000000000000000000000000000000000000000000000000000010001000001100111001111110111
0
00000200000000022000000002000000000000000000000000000000000000000000000000000000000000000000000000000000000000000000000000000000000000000000000000000000000000000000000000010001000001100111001111110111
0
00000000000000020000000002200000000200000000000000000000000000000000000000000000000000000000000000000000000000000000000000000000000000000000000000000000000000000000000000010001000001100111001111110111
0
00000000000000000000000002000000000220000000020000000000000000000000000000000000000000000000000000000000000000000000000000000000000000000000000000000000000000000000000000010001000001100111001111110111
0
00000000000000000000000000000000000200000000022000000002000000000000000000000000000000000000000000000000000000000000000000000000000000000000000000000000000000000000000000010001000001100111001111110111
0
00000000000000000000000000000000000000000000020000000002200000000200000000000000000000000000000000000000000000000000000000000000000000000000000000000000000000000000000000010001000001100111001111110111
0
00000000000000000000000000000000000000000000000000000002000000000220000000020000000000000000000000000000000000000000000000000000000000000000000000000000000000000000000000010001000001100111001111110111
3
00000000000000000000000000000000000000000000000000000000000000002000000000220000000020000000000000000000000000000000000000000000000000000000000000000000000000000000000000010001000001100111001111110111
2
00000000000000000000000000000000000000000000000000000000000000000000000000000000000222000000002000000000000000000000000000000000000000000000000000000000000000000000000000010001000001100111001111110111
0
00000000000000000000000000000000000000000000000000000000000000000000000000000000000000000000022200000000200000000000000000000000000000000000000000000000000000000000000000010001000001100111001111110111
2
00000000000000000000000000000000000000000000000000000000000000000000000000000000000000000000002000000002200000000020000000000000000000000000000000000000000000000000000000010001000001100111001111110111
0
00000000000000000000000000000000000000000000000000000000000000000000000000000000000000000000000000000000200000000220000000002000000000000000000000000000000000000000000000010001000001100111001111110111
3
00000000000000000000000000000000000000000000000000000000000000000000000000000000000000000000000000000000000000000200000000220000000002000000000000000000000000000000000000010001000001100111001111110111
0
00000000000000000000000000000000000000000000000000000000000000000000000000000000000000000000000000000000000000000000000000020000000022000000000200000000000000000000000000010001000001100111001111110111
0
00000000000000000000000000000000000000000000000000000000000000000000000000000000000000000000000000000000000000000000000000000000000002000000002200000000020000000000000000010001000001100111001111110111
0
00000000000000000000000000000000000000000000000000000000000000000000000000000000000000000000000000000000000000000000000000000000000000000000000200000000220000000002000000010001000001100111001111110111
0
00000000000000000000000000000000000000000000000000000000000000000000000000000000000000000000000000000000000000000000000000000000000000000000000000000000020000000022000000010201000001100111001111110111
0
00000000000000000000000000000000000000000000000000000000000000000000000000000000000000000000000000000000000000000000000000000000000000000000000000000000000000000002000000012201000001120111001111110111
0
00000000000000000000000000000000000000000000000000000000000000000000000000000000000000000000000000000000000000000000000000000000000000000000000000000000000000000001000000011101000001110111001111110111
0
00000000000000000000000000000000000000000000000000000000000000000000000000000000000000000000000000000000000000000000000000000000000000000000000000000000000000000001000000011101000001110111001111110111
0
00000200000000000000000000000000000000000000000000000000000000000000000000000000000000000000000000000000000000000000000000000000000000000000000000000000000000000001000000011101000001110111001111110111
0
00000200000000020000000000000000000000000000000000000000000000000000000000000000000000000000000000000000000000000000000000000000000000000000000000000000000000000001000000011101000001110111001111110111
0
00002200000000020000000002000000000000000000000000000000000000000000000000000000000000000000000000000000000000000000000000000000000000000000000000000000000000000001000000011101000001110111001111110111
0
00000000000000220000000002000000000200000000000000000000000000000000000000000000000000000000000000000000000000000000000000000000000000000000000000000000000000000001000000011101000001110111001111110111
0
00000000000000000000000022000000000200000000020000000000000000000000000000000000000000000000000000000000000000000000000000000000000000000000000000000000000000000001000000011101000001110111001111110111
0
00000000000000000000000000000000002200000000020000000002000000000000000000000000000000000000000000000000000000000000000000000000000000000000000000000000000000000001000000011101000001110111001111110111
0
00000000000000000000000000000000000000000000220000000002000000000200000000000000000000000000000000000000000000000000000000000000000000000000000000000000000000000001000000011101000001110111001111110111
0
00000000000000000000000000000000000000000000000000000022000000000200000000020000000000000000000000000000000000000000000000000000000000000000000000000000000000000001000000011101000001110111001111110111
0
00000000000000000000000000000000000000000000000000000000000000002200000000020000000002000000000000000000000000000000000000000000000000000000000000000000000000000001000000011101000001110111001111110111
0
00000000000000000000000000000000000000000000000000000000000000000000000000220000000002000000000200000000000000000000000000000000000000000000000000000000000000000001000000011101000001110111001111110111
0
00000000000000000000000000000000000000000000000000000000000000000000000000000000000022000000000200000000020000000000000000000000000000000000000000000000000000000001000000011101000001110111001111110111
2
00000000000000000000000000000000000000000000000000000000000000000000000000000000000000000000000020000000222000000000000000000000000000000000000000000000000000000001000000011101000001110111001111110111
2
00000000000000000000000000000000000000000000000000000000000000000000000000000000000000000000000000000000020000000002000000000220000000000000000000000000000000000001000000011101000001110111001111110111
0
00000000000000000000000000000000000000000000000000000000000000000000000000000000000000000000000000000000000000000002000000000200000000022000000000000000000000000001000000011101000001110111001111110111
4
00000000000000000000000000000000000000000000000000000000000000000000000000000000000000000000000000000000000000000000000000000020000000002000000000220000000000000001000000011101000001110111001111110111
4
00000000000000000000000000000000000000000000000000000000000000000000000000000000000000000000000000000000000000000000000000000000000000000200000000020000000002200001000000011101000001110111001111110111
4
00000000000000000000000000000000000000000000000000000000000000000000000000000000000000000000000000000000000000000000000000000000000000000000000000002000000000200001000022011101000001110111001111110111
0
00000000000000000000000000000000000000000000000000000000000000000000000000000000000000000000000000000000000000000000000000000000000000000000000000000000000000200001000020011101002201110111001111110111
0
00000000000000000000000000000000000000000000000000000000000000000000000000000000000000000000000000000000000000000000000000000000000000000000000000000000000000000001000020011101002001110111221111110111
0
00000000000000000000000000000000000000000000000000000000000000000000000000000000000000000000000000000000000000000000000000000000000000000000000000000000000000000001000010011101001001110111111111110111
0
00000000000000000000000000000000000000000000000000000000000000000000000000000000000000000000000000000000000000000000000000000000000000000000000000000000000000000001000010011101001001110111111111110111
0
00000200000000000000000000000000000000000000000000000000000000000000000000000000000000000000000000000000000000000000000000000000000000000000000000000000000000000001000010011101001001110111111111110111
0
00002200000000020000000000000000000000000000000000000000000000000000000000000000000000000000000000000000000000000000000000000000000000000000000000000000000000000001000010011101001001110111111111110111
0
00002000000000220000000002000000000000000000000000000000000000000000000000000000000000000000000000000000000000000000000000000000000000000000000000000000000000000001000010011101001001110111111111110111
0
00000000000000200000000022000000000200000000000000000000000000000000000000000000000000000000000000000000000000000000000000000000000000000000000000000000000000000001000010011101001001110111111111110111
0
00000000000000000000000020000000002200000000020000000000000000000000000000000000000000000000000000000000000000000000000000000000000000000000000000000000000000000001000010011101001001110111111111110111
0
00000000000000000000000000000000002000000000220000000002000000000000000000000000000000000000000000000000000000000000000000000000000000000000000000000000000000000001000010011101001001110111111111110111
0
00000000000000000000000000000000000000000000200000000022000000000200000000000000000000000000000000000000000000000000000000000000000000000000000000000000000000000001000010011101001001110111111111110111
0
00000000000000000000000000000000000000000000000000000020000000002200000000020000000000000000000000000000000000000000000000000000000000000000000000000000000000000001000010011101001001110111111111110111
0
00000000000000000000000000000000000000000000000000000000000000002000000000220000000002000000000000000000000000000000000000000000000000000000000000000000000000000001000010011101001001110111111111110111
0
00000000000000000000000000000000000000000000000000000000000000000000000000200000000022000000000200000000000000000000000000000000000000000000000000000000000000000001000010011101001001110111111111110111
0
00000000000000000000000000000000000000000000000000000000000000000000000000000000000020000000002200000000020000000000000000000000000000000000000000000000000000000001000010011101001001110111111111110111
4
00000000000000000000000000000000000000000000000000000000000000000000000000000000000000000000000200000000022000000000200000000000000000000000000000000000000000000001000010011101001001110111111111110111
0
00000000000000000000000000000000000000000000000000000000000000000000000000000000000000000000000000000000020000000002200000000020000000000000000000000000000000000001000010011101001001110111111111110111
0
00000000000000000000000000000000000000000000000000000000000000000000000000000000000000000000000000000000000000000002000000000220000000002000000000000000000000000001000010011101001001110111111111110111
0
00000000000000000000000000000000000000000000000000000000000000000000000000000000000000000000000000000000000000000000000000000200000000022000000000200000000000000001000010011101001001110111111111110111
0
00000000000000000000000000000000000000000000000000000000000000000000000000000000000000000000000000000000000000000000000000000000000000020000000002200000000020000001000010011101001001110111111111110111
0
00000000000000000000000000000000000000000000000000000000000000000000000000000000000000000000000000000000000000000000000000000000000000000000000002000000000220000001002010011101001001110111111111110111
0
00000000000000000000000000000000000000000000000000000000000000000000000000000000000000000000000000000000000000000000000000000000000000000000000000000000000200000001022010011101201001110111111111110111
0
00000000000000000000000000000000000000000000000000000000000000000000000000000000000000000000000000000000000000000000000000000000000000000000000000000000000100000001011010011101101001110111111111110111
0
00000000000000000000000000000000000000000000000000000000000000000000000000000000000000000000000000000000000000000000000000000000000000000000000000000000000100000001011010011101101001110111111111110111
0
00000000000000000000000000000000000000000000000000000000000000000000000000000000000000000000000000000000000000000000000000000000000000000000000000000000000100000001011010011101101001110111111111110111
0
00002200000000000000000000000000000000000000000000000000000000000000000000000000000000000000000000000000000000000000000000000000000000000000000000000000000100000001011010011101101001110111111111110111
0
00002200000000220000000000000000000000000000000000000000000000000000000000000000000000000000000000000000000000000000000000000000000000000000000000000000000100000001011010011101101001110111111111110111
0
00000000000000220000000022000000000000000000000000000000000000000000000000000000000000000000000000000000000000000000000000000000000000000000000000000000000100000001011010011101101001110111111111110111
0
00000000000000000000000022000000002200000000000000000000000000000000000000000000000000000000000000000000000000000000000000000000000000000000000000000000000100000001011010011101101001110111111111110111
0
00000000000000000000000000000000002200000000220000000000000000000000000000000000000000000000000000000000000000000000000000000000000000000000000000000000000100000001011010011101101001110111111111110111
0
00000000000000000000000000000000000000000000220000000022000000000000000000000000000000000000000000000000000000000000000000000000000000000000000000000000000100000001011010011101101001110111111111110111
0
00000000000000000000000000000000000000000000000000000022000000002200000000000000000000000000000000000000000000000000000000000000000000000000000000000000000100000001011010011101101001110111111111110111
3
00000000000000000000000000000000000000000000000000000000000000022000000002200000000000000000000000000000000000000000000000000000000000000000000000000000000100000001011010011101101001110111111111110111
3
00000000000000000000000000000000000000000000000000000000000000000000000022000000002200000000000000000000000000000000000000000000000000000000000000000000000100000001011010011101101001110111111111110111
0
00000000000000000000000000000000000000000000000000000000000000000000000000000000002200000000220000000000000000000000000000000000000000000000000000000000000100000001011010011101101001110111111111110111
0
00000000000000000000000000000000000000000000000000000000000000000000000000000000000000000000220000000022000000000000000000000000000000000000000000000000000100000001011010011101101001110111111111110111
0
00000000000000000000000000000000000000000000000000000000000000000000000000000000000000000000000000000022000000002200000000000000000000000000000000000000000100000001011010011101101001110111111111110111
4
00000000000000000000000000000000000000000000000000000000000000000000000000000000000000000000000000000000000000000220000000022000000000000000000000000000000100000001011010011101101001110111111111110111
4
00000000000000000000000000000000000000000000000000000000000000000000000000000000000000000000000000000000000000000000000000002200000000220000000000000000000100000001011010011101101001110111111111110111
4
00000000000000000000000000000000000000000000000000000000000000000000000000000000000000000000000000000000000000000000000000000000000000022000000002200000000100000001011010011101101001110111111111110111
4
00000000000000000000000000000000000000000000000000000000000000000000000000000000000000000000000000000000000000000000000000000000000000000000000000220000000122000001011010011101101001110111111111110111
4
00000000000000000000000000000000000000000000000000000000000000000000000000000000000000000000000000000000000000000000000000000000000000000000000000110000000111000001011010011101101001110111111111110111
0
00000000000000000000000000000000000000000000000000000000000000000000000000000000000000000000000000000000000000000000000000000000000000000000000000110000000111000001011010011101101001110111111111110111
0
00000200000000000000000000000000000000000000000000000000000000000000000000000000000000000000000000000000000000000000000000000000000000000000000000110000000111000001011010011101101001110111111111110111
0
00000220000000020000000000000000000000000000000000000000000000000000000000000000000000000000000000000000000000000000000000000000000000000000000000110000000111000001011010011101101001110111111111110111
0
00000200000000022000000002000000000000000000000000000000000000000000000000000000000000000000000000000000000000000000000000000000000000000000000000110000000111000001011010011101101001110111111111110111
0
00000000000000020000000002200000000200000000000000000000000000000000000000000000000000000000000000000000000000000000000000000000000000000000000000110000000111000001011010011101101001110111111111110111
0
00000000000000000000000002000000000220000000020000000000000000000000000000000000000000000000000000000000000000000000000000000000000000000000000000110000000111000001011010011101101001110111111111110111
0
00000000000000000000000000000000000200000000022000000002000000000000000000000000000000000000000000000000000000000000000000000000000000000000000000110000000111000001011010011101101001110111111111110111
0
00000000000000000000000000000000000000000000020000000002200000000200000000000000000000000000000000000000000000000000000000000000000000000000000000110000000111000001011010011101101001110111111111110111
0
00000000000000000000000000000000000000000000000000000002000000000220000000020000000000000000000000000000000000000000000000000000000000000000000000110000000111000001011010011101101001110111111111110111
4
00000000000000000000000000000000000000000000000000000000000000000020000000002200000000200000000000000000000000000000000000000000000000000000000000110000000111000001011010011101101001110111111111110111
0
00000000000000000000000000000000000000000000000000000000000000000000000000002000000000220000000020000000000000000000000000000000000000000000000000110000000111000001011010011101101001110111111111110111
2
00000000000000000000000000000000000000000000000000000000000000000000000000000000000000000000000222000000002000000000000000000000000000000000000000110000000111000001011010011101101001110111111111110111
2
00000000000000000000000000000000000000000000000000000000000000000000000000000000000000000000000020000000022000000000200000000000000000000000000000110000000111000001011010011101101001110111111111110111
4
00000000000000000000000000000000000000000000000000000000000000000000000000000000000000000000000000000000000200000000220000000002000000000000000000110000000111000001011010011101101001110111111111110111
4
00000000000000000000000000000000000000000000000000000000000000000000000000000000000000000000000000000000000000000000002000000002200000000020000000110000000111000001011010011101101001110111111111110111
4
00000000000000000000000000000000000000000000000000000000000000000000000000000000000000000000000000000000000000000000000000000000020000000022000000110200000111000001011010011101101001110111111111110111
4
00000000000000000000000000000000000000000000000000000000000000000000000000000000000000000000000000000000000000000000000000000000000000000002000000112200000111020001011010011101101001110111111111110111
0
00000000000000000000000000000000000000000000000000000000000000000000000000000000000000000000000000000000000000000000000000000000000000000000000000110200000111220001011012011101101001110111111111110111
0
00000000000000000000000000000000000000000000000000000000000000000000000000000000000000000000000000000000000000000000000000000000000000000000000000110100000111110001011011011101101001110111111111110111
0
00000000000000000000000000000000000000000000000000000000000000000000000000000000000000000000000000000000000000000000000000000000000000000000000000110100000111110001011011011101101001110111111111110111
0
00002222000000000000000000000000000000000000000000000000000000000000000000000000000000000000000000000000000000000000000000000000000000000000000000110100000111110001011011011101101001110111111111110111
0
00000000000000222200000000000000000000000000000000000000000000000000000000000000000000000000000000000000000000000000000000000000000000000000000000110100000111110001011011011101101001110111111111110111
0
00000000000000000000000022220000000000000000000000000000000000000000000000000000000000000000000000000000000000000000000000000000000000000000000000110100000111110001011011011101101001110111111111110111
0
00000000000000000000000000000000002222000000000000000000000000000000000000000000000000000000000000000000000000000000000000000000000000000000000000110100000111110001011011011101101001110111111111110111
0
00000000000000000000000000000000000000000000222200000000000000000000000000000000000000000000000000000000000000000000000000000000000000000000000000110100000111110001011011011101101001110111111111110111
3
00000000000000000000000000000000000000000000000000000222200000000000000000000000000000000000000000000000000000000000000000000000000000000000000000110100000111110001011011011101101001110111111111110111
0
00000000000000000000000000000000000000000000000000000000000000022220000000000000000000000000000000000000000000000000000000000000000000000000000000110100000111110001011011011101101001110111111111110111
1
00000000000000000000000000000000000000000000000000000002000000000200000000020000000002000000000000000000000000000000000000000000000000000000000000110100000111110001011011011101101001110111111111110111
0
00000000000000000000000000000000000000000000000000000000000000000200000000020000000002000000000200000000000000000000000000000000000000000000000000110100000111110001011011011101101001110111111111110111
0
00000000000000000000000000000000000000000000000000000000000000000000000000020000000002000000000200000000020000000000000000000000000000000000000000110100000111110001011011011101101001110111111111110111
3
00000000000000000000000000000000000000000000000000000000000000000000000000000000000020000000002000000000200000000020000000000000000000000000000000110100000111110001011011011101101001110111111111110111
0
00000000000000000000000000000000000000000000000000000000000000000000000000000000000000000000002000000000200000000020000000002000000000000000000000110100000111110001011011011101101001110111111111110111
0
00000000000000000000000000000000000000000000000000000000000000000000000000000000000000000000000000000000200000000020000000002000000000200000000000110100000111110001011011011101101001110111111111110111
0
00000000000000000000000000000000000000000000000000000000000000000000000000000000000000000000000000000000000000000020000000002000000000200000000020110100000111110001011011011101101001110111111111110111
0
00000000000000000000000000000000000000000000000000000000000000000000000000000000000000000000000000000000000000000000000000002000000000200000000020110100002111110001011011011101101001110111111111110111
0
00000000000000000000000000000000000000000000000000000000000000000000000000000000000000000000000000000000000000000000000000000000000000200000000020110100002111110001211011011101101001110111111111110111
0
00000000000000000000000000000000000000000000000000000000000000000000000000000000000000000000000000000000000000000000000000000000000000000000000020110100002111110001211011011121101001110111111111110111
0
00000000000000000000000000000000000000000000000000000000000000000000000000000000000000000000000000000000000000000000000000000000000000000000000000110100002111110001211011011121101001112111111111110111
0
00000000000000000000000000000000000000000000000000000000000000000000000000000000000000000000000000000000000000000000000000000000000000000000000000110100001111110001111011011111101001111111111111110111
0
00000000000000000000000000000000000000000000000000000000000000000000000000000000000000000000000000000000000000000000000000000000000000000000000000110100001111110001111011011111101001111111111111110111
0
00000000000000000000000000000000000000000000000000000000000000000000000000000000000000000000000000000000000000000000000000000000000000000000000000110100001111110001111011011111101001111111111111110111
0
00002200000000000000000000000000000000000000000000000000000000000000000000000000000000000000000000000000000000000000000000000000000000000000000000110100001111110001111011011111101001111111111111110111
0
00002200000000220000000000000000000000000000000000000000000000000000000000000000000000000000000000000000000000000000000000000000000000000000000000110100001111110001111011011111101001111111111111110111
0
00000000000000220000000022000000000000000000000000000000000000000000000000000000000000000000000000000000000000000000000000000000000000000000000000110100001111110001111011011111101001111111111111110111
0
00000000000000000000000022000000002200000000000000000000000000000000000000000000000000000000000000000000000000000000000000000000000000000000000000110100001111110001111011011111101001111111111111110111
0
00000000000000000000000000000000002200000000220000000000000000000000000000000000000000000000000000000000000000000000000000000000000000000000000000110100001111110001111011011111101001111111111111110111
0
00000000000000000000000000000000000000000000220000000022000000000000000000000000000000000000000000000000000000000000000000000000000000000000000000110100001111110001111011011111101001111111111111110111
0
00000000000000000000000000000000000000000000000000000022000000002200000000000000000000000000000000000000000000000000000000000000000000000000000000110100001111110001111011011111101001111111111111110111
0
00000000000000000000000000000000000000000000000000000000000000002200000000220000000000000000000000000000000000000000000000000000000000000000000000110100001111110001111011011111101001111111111111110111
0
00000000000000000000000000000000000000000000000000000000000000000000000000220000000022000000000000000000000000000000000000000000000000000000000000110100001111110001111011011111101001111111111111110111
0
00000000000000000000000000000000000000000000000000000000000000000000000000000000000022000000002200000000000000000000000000000000000000000000000000110100001111110001111011011111101001111111111111110111
0
00000000000000000000000000000000000000000000000000000000000000000000000000000000000000000000002200000000220000000000000000000000000000000000000000110100001111110001111011011111101001111111111111110111
0
00000000000000000000000000000000000000000000000000000000000000000000000000000000000000000000000000000000220000000022000000000000000000000000000000110100001111110001111011011111101001111111111111110111
0
00000000000000000000000000000000000000000000000000000000000000000000000000000000000000000000000000000000000000000022000000002200000000000000000000110100001111110001111011011111101001111111111111110111
0
00000000000000000000000000000000000000000000000000000000000000000000000000000000000000000000000000000000000000000000000000002200000000220000000000110100001111110001111011011111101001111111111111110111
0
00000000000000000000000000000000000000000000000000000000000000000000000000000000000000000000000000000000000000000000000000000000000000220000000022110100001111110001111011011111101001111111111111110111
0
00000000000000000000000000000000000000000000000000000000000000000000000000000000000000000000000000000000000000000000000000000000000000110000000011110100001111110001111011011111101001111111111111110111
0
00000000000000000000000000000000000000000000000000000000000000000000000000000000000000000000000000000000000000000000000000000000000000110000000011110100001111110001111011011111101001111111111111110111
0
00000000000000000000000000000000000000000000000000000000000000000000000000000000000000000000000000000000000000000000000000000000000000110000000011110100001111110001111011011111101001111111111111110111
0
00002200000000000000000000000000000000000000000000000000000000000000000000000000000000000000000000000000000000000000000000000000000000110000000011110100001111110001111011011111101001111111111111110111
0
00002200000000220000000000000000000000000000000000000000000000000000000000000000000000000000000000000000000000000000000000000000000000110000000011110100001111110001111011011111101001111111111111110111
0
00000000000000220000000022000000000000000000000000000000000000000000000000000000000000000000000000000000000000000000000000000000000000110000000011110100001111110001111011011111101001111111111111110111
0
00000000000000000000000022000000002200000000000000000000000000000000000000000000000000000000000000000000000000000000000000000000000000110000000011110100001111110001111011011111101001111111111111110111
0
00000000000000000000000000000000002200000000220000000000000000000000000000000000000000000000000000000000000000000000000000000000000000110000000011110100001111110001111011011111101001111111111111110111
0
00000000000000000000000000000000000000000000220000000022000000000000000000000000000000000000000000000000000000000000000000000000000000110000000011110100001111110001111011011111101001111111111111110111
3
00000000000000000000000000000000000000000000000000000220000000022000000000000000000000000000000000000000000000000000000000000000000000110000000011110100001111110001111011011111101001111111111111110111
3
00000000000000000000000000000000000000000000000000000000000000220000000022000000000000000000000000000000000000000000000000000000000000110000000011110100001111110001111011011111101001111111111111110111
0
00000000000000000000000000000000000000000000000000000000000000000000000022000000002200000000000000000000000000000000000000000000000000110000000011110100001111110001111011011111101001111111111111110111
3
00000000000000000000000000000000000000000000000000000000000000000000000000000000022000000002200000000000000000000000000000000000000000110000000011110100001111110001111011011111101001111111111111110111
0
00000000000000000000000000000000000000000000000000000000000000000000000000000000000000000002200000000220000000000000000000000000000000110000000011110100001111110001111011011111101001111111111111110111
0
00000000000000000000000000000000000000000000000000000000000000000000000000000000000000000000000000000220000000022000000000000000000000110000000011110100001111110001111011011111101001111111111111110111
4
00000000000000000000000000000000000000000000000000000000000000000000000000000000000000000000000000000000000000002200000000220000000000110000000011110100001111110001111011011111101001111111111111110111
0
00000000000000000000000000000000000000000000000000000000000000000000000000000000000000000000000000000000000000000000000000220000000022110000000011110100001111110001111011011111101001111111111111110111
3
00000000000000000000000000000000000000000000000000000000000000000000000000000000000000000000000000000000000000000000000000000000000220110000022011110100001111110001111011011111101001111111111111110111
0
00000000000000000000000000000000000000000000000000000000000000000000000000000000000000000000000000000000000000000000000000000000000000110000022011110102201111110001111011011111101001111111111111110111
0
00000000000000000000000000000000000000000000000000000000000000000000000000000000000000000000000000000000000000000000000000000000000000110000000011110102201111110221111011011111101001111111111111110111
0
00000000000000000000000000000000000000000000000000000000000000000000000000000000000000000000000000000000000000000000000000000000000000110000000011110101101111110111111011011111101001111111111111110111
0
00000000000000000000000000000000000000000000000000000000000000000000000000000000000000000000000000000000000000000000000000000000000000110000000011110101101111110111111011011111101001111111111111110111
0
00000000000000000000000000000000000000000000000000000000000000000000000000000000000000000000000000000000000000000000000000000000000000110000000011110101101111110111111011011111101001111111111111110111
0
00002200000000000000000000000000000000000000000000000000000000000000000000000000000000000000000000000000000000000000000000000000000000110000000011110101101111110111111011011111101001111111111111110111
0
00002200000000220000000000000000000000000000000000000000000000000000000000000000000000000000000000000000000000000000000000000000000000110000000011110101101111110111111011011111101001111111111111110111
0
00000000000000220000000022000000000000000000000000000000000000000000000000000000000000000000000000000000000000000000000000000000000000110000000011110101101111110111111011011111101001111111111111110111
0
00000000000000000000000022000000002200000000000000000000000000000000000000000000000000000000000000000000000000000000000000000000000000110000000011110101101111110111111011011111101001111111111111110111
0
00000000000000000000000000000000002200000000220000000000000000000000000000000000000000000000000000000000000000000000000000000000000000110000000011110101101111110111111011011111101001111111111111110111
0
00000000000000000000000000000000000000000000220000000022000000000000000000000000000000000000000000000000000000000000000000000000000000110000000011110101101111110111111011011111101001111111111111110111
4
00000000000000000000000000000000000000000000000000000002200000000220000000000000000000000000000000000000000000000000000000000000000000110000000011110101101111110111111011011111101001111111111111110111
0
00000000000000000000000000000000000000000000000000000000000000000220000000022000000000000000000000000000000000000000000000000000000000110000000011110101101111110111111011011111101001111111111111110111
0
00000000000000000000000000000000000000000000000000000000000000000000000000022000000002200000000000000000000000000000000000000000000000110000000011110101101111110111111011011111101001111111111111110111
0
00000000000000000000000000000000000000000000000000000000000000000000000000000000000002200000000220000000000000000000000000000000000000110000000011110101101111110111111011011111101001111111111111110111
4
00000000000000000000000000000000000000000000000000000000000000000000000000000000000000000000000022000000002200000000000000000000000000110000000011110101101111110111111011011111101001111111111111110111
0
00000000000000000000000000000000000000000000000000000000000000000000000000000000000000000000000000000000002200000000220000000000000000110000000011110101101111110111111011011111101001111111111111110111
0
00000000000000000000000000000000000000000000000000000000000000000000000000000000000000000000000000000000000000000000220000000022000000110000000011110101101111110111111011011111101001111111111111110111
0
00000000000000000000000000000000000000000000000000000000000000000000000000000000000000000000000000000000000000000000000000000022000000112200000011110101101111110111111011011111101001111111111111110111
0
00000000000000000000000000000000000000000000000000000000000000000000000000000000000000000000000000000000000000000000000000000011000000111100000011110101101111110111111011011111101001111111111111110111
0
00000000000000000000000000000000000000000000000000000000000000000000000000000000000000000000000000000000000000000000000000000011000000111100000011110101101111110111111011011111101001111111111111110111
0
00000200000000000000000000000000000000000000000000000000000000000000000000000000000000000000000000000000000000000000000000000011000000111100000011110101101111110111111011011111101001111111111111110111
0
00002200000000020000000000000000000000000000000000000000000000000000000000000000000000000000000000000000000000000000000000000011000000111100000011110101101111110111111011011111101001111111111111110111
0
00000200000000220000000002000000000000000000000000000000000000000000000000000000000000000000000000000000000000000000000000000011000000111100000011110101101111110111111011011111101001111111111111110111
0
00000000000000020000000022000000000200000000000000000000000000000000000000000000000000000000000000000000000000000000000000000011000000111100000011110101101111110111111011011111101001111111111111110111
0
00000000000000000000000002000000002200000000020000000000000000000000000000000000000000000000000000000000000000000000000000000011000000111100000011110101101111110111111011011111101001111111111111110111
2
00000000000000000000000000000000000200000000222000000000000000000000000000000000000000000000000000000000000000000000000000000011000000111100000011110101101111110111111011011111101001111111111111110111
2
00000000000000000000000000000000000000000000020000000002200000000200000000000000000000000000000000000000000000000000000000000011000000111100000011110101101111110111111011011111101001111111111111110111
4
00000000000000000000000000000000000000000000000000000000200000000022000000002000000000000000000000000000000000000000000000000011000000111100000011110101101111110111111011011111101001111111111111110111
4
00000000000000000000000000000000000000000000000000000000000000000002000000000220000000020000000000000000000000000000000000000011000000111100000011110101101111110111111011011111101001111111111111110111
4
00000000000000000000000000000000000000000000000000000000000000000000000000000020000000002200000000200000000000000000000000000011000000111100000011110101101111110111111011011111101001111111111111110111
0
00000000000000000000000000000000000000000000000000000000000000000000000000000000000000002000000000220000000020000000000000000011000000111100000011110101101111110111111011011111101001111111111111110111
0
00000000000000000000000000000000000000000000000000000000000000000000000000000000000000000000000000200000000022000000002000000011000000111100000011110101101111110111111011011111101001111111111111110111
0
00000000000000000000000000000000000000000000000000000000000000000000000000000000000000000000000000000000000020000000002200000011200000111100000011110101101111110111111011011111101001111111111111110111
0
00000000000000000000000000000000000000000000000000000000000000000000000000000000000000000000000000000000000000000000002000000011220000111120000011110101101111110111111011011111101001111111111111110111
0
00000000000000000000000000000000000000000000000000000000000000000000000000000000000000000000000000000000000000000000000000000011200000111122000011112101101111110111111011011111101001111111111111110111
0
00000000000000000000000000000000000000000000000000000000000000000000000000000000000000000000000000000000000000000000000000000011100000111111000011111101101111110111111011011111101001111111111111110111
0
00000000000000000000000000000000000000000000000000000000000000000000000000000000000000000000000000000000000000000000000000000011100000111111000011111101101111110111111011011111101001111111111111110111
0
00000220000000000000000000000000000000000000000000000000000000000000000000000000000000000000000000000000000000000000000000000011100000111111000011111101101111110111111011011111101001111111111111110111
0
00002200000000022000000000000000000000000000000000000000000000000000000000000000000000000000000000000000000000000000000000000011100000111111000011111101101111110111111011011111101001111111111111110111
0
00000000000000220000000002200000000000000000000000000000000000000000000000000000000000000000000000000000000000000000000000000011100000111111000011111101101111110111111011011111101001111111111111110111
0
00000000000000000000000022000000000220000000000000000000000000000000000000000000000000000000000000000000000000000000000000000011100000111111000011111101101111110111111011011111101001111111111111110111
0
00000000000000000000000000000000002200000000022000000000000000000000000000000000000000000000000000000000000000000000000000000011100000111111000011111101101111110111111011011111101001111111111111110111
0
00000000000000000000000000000000000000000000220000000002200000000000000000000000000000000000000000000000000000000000000000000011100000111111000011111101101111110111111011011111101001111111111111110111
0
00000000000000000000000000000000000000000000000000000022000000000220000000000000000000000000000000000000000000000000000000000011100000111111000011111101101111110111111011011111101001111111111111110111
3
00000000000000000000000000000000000000000000000000000000000000022000000000220000000000000000000000000000000000000000000000000011100000111111000011111101101111110111111011011111101001111111111111110111
0
00000000000000000000000000000000000000000000000000000000000000000000000002200000000022000000000000000000000000000000000000000011100000111111000011111101101111110111111011011111101001111111111111110111
0
00000000000000000000000000000000000000000000000000000000000000000000000000000000000220000000002200000000000000000000000000000011100000111111000011111101101111110111111011011111101001111111111111110111
3
00000000000000000000000000000000000000000000000000000000000000000000000000000000000000000000220000000002200000000000000000000011100000111111000011111101101111110111111011011111101001111111111111110111
0
00000000000000000000000000000000000000000000000000000000000000000000000000000000000000000000000000000022000000000220000000000011100000111111000011111101101111110111111011011111101001111111111111110111
4
00000000000000000000000000000000000000000000000000000000000000000000000000000000000000000000000000000000000000000220000000002211100000111111000011111101101111110111111011011111101001111111111111110111
0
00000000000000000000000000000000000000000000000000000000000000000000000000000000000000000000000000000000000000000110000000001111100000111111000011111101101111110111111011011111101001111111111111110111
0
00000000000000000000000000000000000000000000000000000000000000000000000000000000000000000000000000000000000000000110000000001111100000111111000011111101101111110111111011011111101001111111111111110111
0
00000000000000000000000000000000000000000000000000000000000000000000000000000000000000000000000000000000000000000110000000001111100000111111000011111101101111110111111011011111101001111111111111110111
0
00002200000000000000000000000000000000000000000000000000000000000000000000000000000000000000000000000000000000000110000000001111100000111111000011111101101111110111111011011111101001111111111111110111
0
00002200000000220000000000000000000000000000000000000000000000000000000000000000000000000000000000000000000000000110000000001111100000111111000011111101101111110111111011011111101001111111111111110111
0
00000000000000220000000022000000000000000000000000000000000000000000000000000000000000000000000000000000000000000110000000001111100000111111000011111101101111110111111011011111101001111111111111110111
0
00000000000000000000000022000000002200000000000000000000000000000000000000000000000000000000000000000000000000000110000000001111100000111111000011111101101111110111111011011111101001111111111111110111
0
00000000000000000000000000000000002200000000220000000000000000000000000000000000000000000000000000000000000000000110000000001111100000111111000011111101101111110111111011011111101001111111111111110111
0
00000000000000000000000000000000000000000000220000000022000000000000000000000000000000000000000000000000000000000110000000001111100000111111000011111101101111110111111011011111101001111111111111110111
0
00000000000000000000000000000000000000000000000000000022000000002200000000000000000000000000000000000000000000000110000000001111100000111111000011111101101111110111111011011111101001111111111111110111
0
00000000000000000000000000000000000000000000000000000000000000002200000000220000000000000000000000000000000000000110000000001111100000111111000011111101101111110111111011011111101001111111111111110111
3
00000000000000000000000000000000000000000000000000000000000000000000000002200000000220000000000000000000000000000110000000001111100000111111000011111101101111110111111011011111101001111111111111110111
3
00000000000000000000000000000000000000000000000000000000000000000000000000000000002200000000220000000000000000000110000000001111100000111111000011111101101111110111111011011111101001111111111111110111
3
00000000000000000000000000000000000000000000000000000000000000000000000000000000000000000002200000000220000000000110000000001111100000111111000011111101101111110111111011011111101001111111111111110111
3
00000000000000000000000000000000000000000000000000000000000000000000000000000000000000000000000000002200000000220110000000001111100000111111000011111101101111110111111011011111101001111111111111110111
0
00000000000000000000000000000000000000000000000000000000000000000000000000000000000000000000000000000000000000220110000022001111100000111111000011111101101111110111111011011111101001111111111111110111
4
00000000000000000000000000000000000000000000000000000000000000000000000000000000000000000000000000000000000000000110000002201111100220111111000011111101101111110111111011011111101001111111111111110111
0
00000000000000000000000000000000000000000000000000000000000000000000000000000000000000000000000000000000000000000110000000001111100220111111022011111101101111110111111011011111101001111111111111110111
4
00000000000000000000000000000000000000000000000000000000000000000000000000000000000000000000000000000000000000000110000000001111100110111111011011111101101111110111111011011111101001111111111111110111
0
00000000000000000000000000000000000000000000000000000000000000000000000000000000000000000000000000000000000000000110000000001111100110111111011011111101101111110111111011011111101001111111111111110111
0
00002000000000000000000000000000000000000000000000000000000000000000000000000000000000000000000000000000000000000110000000001111100110111111011011111101101111110111111011011111101001111111111111110111
0
00002220000000200000000000000000000000000000000000000000000000000000000000000000000000000000000000000000000000000110000000001111100110111111011011111101101111110111111011011111101001111111111111110111
0
00000000000000222000000020000000000000000000000000000000000000000000000000000000000000000000000000000000000000000110000000001111100110111111011011111101101111110111111011011111101001111111111111110111
3
00000000000000000000000222000000020000000000000000000000000000000000000000000000000000000000000000000000000000000110000000001111100110111111011011111101101111110111111011011111101001111111111111110111
0
00000000000000000000000000000000022200000002000000000000000000000000000000000000000000000000000000000000000000000110000000001111100110111111011011111101101111110111111011011111101001111111111111110111
0
00000000000000000000000000000000000000000002220000000200000000000000000000000000000000000000000000000000000000000110000000001111100110111111011011111101101111110111111011011111101001111111111111110111
0
00000000000000000000000000000000000000000000000000000222000000020000000000000000000000000000000000000000000000000110000000001111100110111111011011111101101111110111111011011111101001111111111111110111
3
00000000000000000000000000000000000000000000000000000000000000222000000020000000000000000000000000000000000000000110000000001111100110111111011011111101101111110111111011011111101001111111111111110111
0
00000000000000000000000000000000000000000000000000000000000000000000000022200000002000000000000000000000000000000110000000001111100110111111011011111101101111110111111011011111101001111111111111110111
4
00000000000000000000000000000000000000000000000000000000000000000000000000000000000222000000020000000000000000000110000000001111100110111111011011111101101111110111111011011111101001111111111111110111
4
00000000000000000000000000000000000000000000000000000000000000000000000000000000000000000000002220000000200000000110000000001111100110111111011011111101101111110111111011011111101001111111111111110111
2
00000000000000000000000000000000000000000000000000000000000000000000000000000000000000000000002200000000020000000112000000001111100110111111011011111101101111110111111011011111101001111111111111110111
2
00000000000000000000000000000000000000000000000000000000000000000000000000000000000000000000001100000000010000000111000000001111100110111111011011111101101111110111111011011111101001111111111111110111
2
00000000000000000000000000000000000000000000000000000000000000000000000000000000000000000000001100000000010000000111000000001111100110111111011011111101101111110111111011011111101001111111111111110111
0
00002200000000000000000000000000000000000000000000000000000000000000000000000000000000000000001100000000010000000111000000001111100110111111011011111101101111110111111011011111101001111111111111110111
0
00000200000000220000000000000000000000000000000000000000000000000000000000000000000000000000001100000000010000000111000000001111100110111111011011111101101111110111111011011111101001111111111111110111
0
00000200000000020000000022000000000000000000000000000000000000000000000000000000000000000000001100000000010000000111000000001111100110111111011011111101101111110111111011011111101001111111111111110111
0
00000000000000020000000002000000002200000000000000000000000000000000000000000000000000000000001100000000010000000111000000001111100110111111011011111101101111110111111011011111101001111111111111110111
4
00000000000000000000000000200000000020000000022000000000000000000000000000000000000000000000001100000000010000000111000000001111100110111111011011111101101111110111111011011111101001111111111111110111
0
00000000000000000000000000000000000020000000002000000002200000000000000000000000000000000000001100000000010000000111000000001111100110111111011011111101101111110111111011011111101001111111111111110111
4
00000000000000000000000000000000000000000000000200000000020000000022000000000000000000000000001100000000010000000111000000001111100110111111011011111101101111110111111011011111101001111111111111110111
2
00000000000000000000000000000000000000000000000000000000200000000022200000000000000000000000001100000000010000000111000000001111100110111111011011111101101111110111111011011111101001111111111111110111
0
00000000000000000000000000000000000000000000000000000000000000000020000000002220000000000000001100000000010000000111000000001111100110111111011011111101101111110111111011011111101001111111111111110111
0
00000000000000000000000000000000000000000000000000000000000000000000000000002000000000222000001100000000010000000111000000001111100110111111011011111101101111110111111011011111101001111111111111110111
0
00000000000000000000000000000000000000000000000000000000000000000000000000000000000000200000001122200000010000000111000000001111100110111111011011111101101111110111111011011111101001111111111111110111
0
00000000000000000000000000000000000000000000000000000000000000000000000000000000000000000000001120000000012220000111000000001111100110111111011011111101101111110111111011011111101001111111111111110111
0
00000000000000000000000000000000000000000000000000000000000000000000000000000000000000000000001100000000012000000111222000001111100110111111011011111101101111110111111011011111101001111111111111110111
0
00000000000000000000000000000000000000000000000000000000000000000000000000000000000000000000001100000000011000000111111000001111100110111111011011111101101111110111111011011111101001111111111111110111
0
00000000000000000000000000000000000000000000000000000000000000000000000000000000000000000000001100000000011000000111111000001111100110111111011011111101101111110111111011011111101001111111111111110111
0
00000000000000000000000000000000000000000000000000000000000000000000000000000000000000000000001100000000011000000111111000001111100110111111011011111101101111110111111011011111101001111111111111110111
0
00002200000000000000000000000000000000000000000000000000000000000000000000000000000000000000001100000000011000000111111000001111100110111111011011111101101111110111111011011111101001111111111111110111
0
00002200000000220000000000000000000000000000000000000000000000000000000000000000000000000000001100000000011000000111111000001111100110111111011011111101101111110111111011011111101001111111111111110111
0
00000000000000220000000022000000000000000000000000000000000000000000000000000000000000000000001100000000011000000111111000001111100110111111011011111101101111110111111011011111101001111111111111110111
0
00000000000000000000000022000000002200000000000000000000000000000000000000000000000000000000001100000000011000000111111000001111100110111111011011111101101111110111111011011111101001111111111111110111
3
00000000000000000000000000000000022000000002200000000000000000000000000000000000000000000000001100000000011000000111111000001111100110111111011011111101101111110111111011011111101001111111111111110111
3
00000000000000000000000000000000000000000022000000002200000000000000000000000000000000000000001100000000011000000111111000001111100110111111011011111101101111110111111011011111101001111111111111110111
0
00000000000000000000000000000000000000000000000000002200000000220000000000000000000000000000001100000000011000000111111000001111100110111111011011111101101111110111111011011111101001111111111111110111
3
00000000000000000000000000000000000000000000000000000000000002200000000220000000000000000000001100000000011000000111111000001111100110111111011011111101101111110111111011011111101001111111111111110111
0
00000000000000000000000000000000000000000000000000000000000000000000000220000000022000000000001100000000011000000111111000001111100110111111011011111101101111110111111011011111101001111111111111110111
3
00000000000000000000000000000000000000000000000000000000000000000000000000000000220000000022001100000000011000000111111000001111100110111111011011111101101111110111111011011111101001111111111111110111
0
00000000000000000000000000000000000000000000000000000000000000000000000000000000000000000022001100002200011000000111111000001111100110111111011011111101101111110111111011011111101001111111111111110111
4
00000000000000000000000000000000000000000000000000000000000000000000000000000000000000000000001100000220011000022111111000001111100110111111011011111101101111110111111011011111101001111111111111110111
0
00000000000000000000000000000000000000000000000000000000000000000000000000000000000000000000001100000000011000022111111002201111100110111111011011111101101111110111111011011111101001111111111111110111
0
00000000000000000000000000000000000000000000000000000000000000000000000000000000000000000000001100000000011000011111111001101111100110111111011011111101101111110111111011011111101001111111111111110111
0
00000000000000000000000000000000000000000000000000000000000000000000000000000000000000000000001100000000011000011111111001101111100110111111011011111101101111110111111011011111101001111111111111110111
0
00000200000000000000000000000000000000000000000000000000000000000000000000000000000000000000001100000000011000011111111001101111100110111111011011111101101111110111111011011111101001111111111111110111
0
00002220000000020000000000000000000000000000000000000000000000000000000000000000000000000000001100000000011000011111111001101111100110111111011011111101101111110111111011011111101001111111111111110111
0
00000000000000222000000002000000000000000000000000000000000000000000000000000000000000000000001100000000011000011111111001101111100110111111011011111101101111110111111011011111101001111111111111110111
0
00000000000000000000000022200000000200000000000000000000000000000000000000000000000000000000001100000000011000011111111001101111100110111111011011111101101111110111111011011111101001111111111111110111
0
00000000000000000000000000000000002220000000020000000000000000000000000000000000000000000000001100000000011000011111111001101111100110111111011011111101101111110111111011011111101001111111111111110111
4
00000000000000000000000000000000000000000000022200000000200000000000000000000000000000000000001100000000011000011111111001101111100110111111011011111101101111110111111011011111101001111111111111110111
4
00000000000000000000000000000000000000000000000000000000222000000002000000000000000000000000001100000000011000011111111001101111100110111111011011111101101111110111111011011111101001111111111111110111
0
00000000000000000000000000000000000000000000000000000000000000000022200000000200000000000000001100000000011000011111111001101111100110111111011011111101101111110111111011011111101001111111111111110111
0
00000000000000000000000000000000000000000000000000000000000000000000000000002220000000020000001100000000011000011111111001101111100110111111011011111101101111110111111011011111101001111111111111110111
0
00000000000000000000000000000000000000000000000000000000000000000000000000000000000000222000001102000000011000011111111001101111100110111111011011111101101111110111111011011111101001111111111111110111
0
00000000000000000000000000000000000000000000000000000000000000000000000000000000000000000000001122200000011200011111111001101111100110111111011011111101101111110111111011011111101001111111111111110111
0
00000000000000000000000000000000000000000000000000000000000000000000000000000000000000000000001111100000011100011111111001101111100110111111011011111101101111110111111011011111101001111111111111110111
0
00000000000000000000000000000000000000000000000000000000000000000000000000000000000000000000001111100000011100011111111001101111100110111111011011111101101111110111111011011111101001111111111111110111
0
00000200000000000000000000000000000000000000000000000000000000000000000000000000000000000000001111100000011100011111111001101111100110111111011011111101101111110111111011011111101001111111111111110111
0
00000200000000020000000000000000000000000000000000000000000000000000000000000000000000000000001111100000011100011111111001101111100110111111011011111101101111110111111011011111101001111111111111110111
0
00000220000000020000000002000000000000000000000000000000000000000000000000000000000000000000001111100000011100011111111001101111100110111111011011111101101111110111111011011111101001111111111111110111
0
00000000000000022000000002000000000200000000000000000000000000000000000000000000000000000000001111100000011100011111111001101111100110111111011011111101101111110111111011011111101001111111111111110111
3
00000000000000000000000022000000002000000000200000000000000000000000000000000000000000000000001111100000011100011111111001101111100110111111011011111101101111110111111011011111101001111111111111110111
3
00000000000000000000000000000000022000000002000000000200000000000000000000000000000000000000001111100000011100011111111001101111100110111111011011111101101111110111111011011111101001111111111111110111
3
00000000000000000000000000000000000000000022000000002000000000200000000000000000000000000000001111100000011100011111111001101111100110111111011011111101101111110111111011011111101001111111111111110111
3
00000000000000000000000000000000000000000000000000022000000002000000000200000000000000000000001111100000011100011111111001101111100110111111011011111101101111110111111011011111101001111111111111110111
3
00000000000000000000000000000000000000000000000000000000000022000000002000000000200000000000001111100000011100011111111001101111100110111111011011111101101111110111111011011111101001111111111111110111
0
00000000000000000000000000000000000000000000000000000000000000000000002200000000200000000020001111100000011100011111111001101111100110111111011011111101101111110111111011011111101001111111111111110111
0
00000000000000000000000000000000000000000000000000000000000000000000000000000000220000000020001111102000011100011111111001101111100110111111011011111101101111110111111011011111101001111111111111110111
0
00000000000000000000000000000000000000000000000000000000000000000000000000000000000000000022001111102000011100211111111001101111100110111111011011111101101111110111111011011111101001111111111111110111
0
00000000000000000000000000000000000000000000000000000000000000000000000000000000000000000000001111102200011100211111111021101111100110111111011011111101101111110111111011011111101001111111111111110111
0
00000000000000000000000000000000000000000000000000000000000000000000000000000000000000000000001111101100011100111111111011101111100110111111011011111101101111110111111011011111101001111111111111110111
0
00000000000000000000000000000000000000000000000000000000000000000000000000000000000000000000001111101100011100111111111011101111100110111111011011111101101111110111111011011111101001111111111111110111
0
00000000000000000000000000000000000000000000000000000000000000000000000000000000000000000000001111101100011100111111111011101111100110111111011011111101101111110111111011011111101001111111111111110111
0
00002222000000000000000000000000000000000000000000000000000000000000000000000000000000000000001111101100011100111111111011101111100110111111011011111101101111110111111011011111101001111111111111110111
0
00000000000000222200000000000000000000000000000000000000000000000000000000000000000000000000001111101100011100111111111011101111100110111111011011111101101111110111111011011111101001111111111111110111
0
00000000000000000000000022220000000000000000000000000000000000000000000000000000000000000000001111101100011100111111111011101111100110111111011011111101101111110111111011011111101001111111111111110111
2
00000000000000000000000000200000000020000000002000000000200000000000000000000000000000000000001111101100011100111111111011101111100110111111011011111101101111110111111011011111101001111111111111110111
4
00000000000000000000000000000000000002000000000200000000020000000002000000000000000000000000001111101100011100111111111011101111100110111111011011111101101111110111111011011111101001111111111111110111
4
00000000000000000000000000000000000000000000000020000000002000000000200000000020000000000000001111101100011100111111111011101111100110111111011011111101101111110111111011011111101001111111111111110111
4
00000000000000000000000000000000000000000000000000000000000200000000020000000002000000000200001111101100011100111111111011101111100110111111011011111101101111110111111011011111101001111111111111110111
4
00000000000000000000000000000000000000000000000000000000000000000000020000000002000000000200001111121100011100111111111011101111100110111111011011111101101111110111111011011111101001111111111111110111
0
00000000000000000000000000000000000000000000000000000000000000000000000000000002000000000200001111121100011102111111111011101111100110111111011011111101101111110111111011011111101001111111111111110111
0
00000000000000000000000000000000000000000000000000000000000000000000000000000000000000000200001111121100011102111111111211101111100110111111011011111101101111110111111011011111101001111111111111110111
0
00000000000000000000000000000000000000000000000000000000000000000000000000000000000000000000001111121100011102111111111211101111120110111111011011111101101111110111111011011111101001111111111111110111
0
00000000000000000000000000000000000000000000000000000000000000000000000000000000000000000000000000000000011101110011111111101111110110111111011011111101101111110111111011011111101001111111111111110111
0
00000000000000000000000000000000000000000000000000000000000000000000000000000000000000000000000000000000011101110011111111101111110110111111011011111101101111110111111011011111101001111111111111110111
0
00002200000000000000000000000000000000000000000000000000000000000000000000000000000000000000000000000000011101110011111111101111110110111111011011111101101111110111111011011111101001111111111111110111
0
00000220000000220000000000000000000000000000000000000000000000000000000000000000000000000000000000000000011101110011111111101111110110111111011011111101101111110111111011011111101001111111111111110111
0
00000000000000022000000022000000000000000000000000000000000000000000000000000000000000000000000000000000011101110011111111101111110110111111011011111101101111110111111011011111101001111111111111110111
0
00000000000000000000000002200000002200000000000000000000000000000000000000000000000000000000000000000000011101110011111111101111110110111111011011111101101111110111111011011111101001111111111111110111
0
00000000000000000000000000000000000220000000220000000000000000000000000000000000000000000000000000000000011101110011111111101111110110111111011011111101101111110111111011011111101001111111111111110111
4
00000000000000000000000000000000000000000000002200000002200000000000000000000000000000000000000000000000011101110011111111101111110110111111011011111101101111110111111011011111101001111111111111110111
4
00000000000000000000000000000000000000000000000000000000022000000022000000000000000000000000000000000000011101110011111111101111110110111111011011111101101111110111111011011111101001111111111111110111
0
00000000000000000000000000000000000000000000000000000000000000000002200000002200000000000000000000000000011101110011111111101111110110111111011011111101101111110111111011011111101001111111111111110111
1
00000000000000000000000000000000000000000000000000000000000000000002000000000220000000002000000000000000011101110011111111101111110110111111011011111101101111110111111011011111101001111111111111110111
0
00000000000000000000000000000000000000000000000000000000000000000000000000000200000000022000000000200000011101110011111111101111110110111111011011111101101111110111111011011111101001111111111111110111
0
00000000000000000000000000000000000000000000000000000000000000000000000000000000000000020000000002200000011121110011111111101111110110111111011011111101101111110111111011011111101001111111111111110111
0
00000000000000000000000000000000000000000000000000000000000000000000000000000000000000010000000001100000011111110011111111101111110110111111011011111101101111110111111011011111101001111111111111110111
0
00000000000000000000000000000000000000000000000000000000000000000000000000000000000000010000000001100000011111110011111111101111110110111111011011111101101111110111111011011111101001111111111111110111
0
00002200000000000000000000000000000000000000000000000000000000000000000000000000000000010000000001100000011111110011111111101111110110111111011011111101101111110111111011011111101001111111111111110111
0
00000220000000220000000000000000000000000000000000000000000000000000000000000000000000010000000001100000011111110011111111101111110110111111011011111101101111110111111011011111101001111111111111110111
0
00000000000000022000000022000000000000000000000000000000000000000000000000000000000000010000000001100000011111110011111111101111110110111111011011111101101111110111111011011111101001111111111111110111
0
00000000000000000000000002200000002200000000000000000000000000000000000000000000000000010000000001100000011111110011111111101111110110111111011011111101101111110111111011011111101001111111111111110111
3
00000000000000000000000000000000002200000002200000000000000000000000000000000000000000010000000001100000011111110011111111101111110110111111011011111101101111110111111011011111101001111111111111110111
0
00000000000000000000000000000000000000000000220000000220000000000000000000000000000000010000000001100000011111110011111111101111110110111111011011111101101111110111111011011111101001111111111111110111
1
00000000000000000000000000000000000000000000200000000022000000000200000000000000000000010000000001100000011111110011111111101111110110111111011011111101101111110111111011011111101001111111111111110111
0
00000000000000000000000000000000000000000000000000000020000000002200000000020000000000010000000001100000011111110011111111101111110110111111011011111101101111110111111011011111101001111111111111110111
3
00000000000000000000000000000000000000000000000000000000000000020000000002200000000020010000000001100000011111110011111111101111110110111111011011111101101111110111111011011111101001111111111111110111
3
00000000000000000000000000000000000000000000000000000000000000000000000020000000002200010000020001100000011111110011111111101111110110111111011011111101101111110111111011011111101001111111111111110111
0
00000000000000000000000000000000000000000000000000000000000000000000000000000000002000010000220001100002011111110011111111101111110110111111011011111101101111110111111011011111101001111111111111110111
0
00000000000000000000000000000000000000000000000000000000000000000000000000000000000000010000200001100022011111110211111111101111110110111111011011111101101111110111111011011111101001111111111111110111
0
00000000000000000000000000000000000000000000000000000000000000000000000000000000000000010000000001100020011111112211111111121111110110111111011011111101101111110111111011011111101001111111111111110111
0
00000000000000000000000000000000000000000000000000000000000000000000000000000000000000000000000000000000000100000000011000100111110110111111011011111101101111110111111011011111101001111111111111110111
0
00000000000000000000000000000000000000000000000000000000000000000000000000000000000000000000000000000000000100000000011000100111110110111111011011111101101111110111111011011111101001111111111111110111
0
00000200000000000000000000000000000000000000000000000000000000000000000000000000000000000000000000000000000100000000011000100111110110111111011011111101101111110111111011011111101001111111111111110111
0
00000220000000020000000000000000000000000000000000000000000000000000000000000000000000000000000000000000000100000000011000100111110110111111011011111101101111110111111011011111101001111111111111110111
0
00000020000000022000000002000000000000000000000000000000000000000000000000000000000000000000000000000000000100000000011000100111110110111111011011111101101111110111111011011111101001111111111111110111
0
00000000000000002000000002200000000200000000000000000000000000000000000000000000000000000000000000000000000100000000011000100111110110111111011011111101101111110111111011011111101001111111111111110111
0
00000000000000000000000000200000000220000000020000000000000000000000000000000000000000000000000000000000000100000000011000100111110110111111011011111101101111110111111011011111101001111111111111110111
3
00000000000000000000000000000000000200000000220000000020000000000000000000000000000000000000000000000000000100000000011000100111110110111111011011111101101111110111111011011111101001111111111111110111
3
00000000000000000000000000000000000000000000200000000220000000020000000000000000000000000000000000000000000100000000011000100111110110111111011011111101101111110111111011011111101001111111111111110111
0
00000000000000000000000000000000000000000000000000000020000000022000000002000000000000000000000000000000000100000000011000100111110110111111011011111101101111110111111011011111101001111111111111110111
0
00000000000000000000000000000000000000000000000000000000000000002000000002200000000200000000000000000000000100000000011000100111110110111111011011111101101111110111111011011111101001111111111111110111
0
00000000000000000000000000000000000000000000000000000000000000000000000000200000000220000000020000000000000100000000011000100111110110111111011011111101101111110111111011011111101001111111111111110111
0
00000000000000000000000000000000000000000000000000000000000000000000000000000000000020000000022000000002000100000000011000100111110110111111011011111101101111110111111011011111101001111111111111110111
0
00000000000000000000000000000000000000000000000000000000000000000000000000000000000000000000002000000002200100000200011000100111110110111111011011111101101111110111111011011111101001111111111111110111
0
00000000000000000000000000000000000000000000000000000000000000000000000000000000000000000000000000000000200100000220011000120111110110111111011011111101101111110111111011011111101001111111111111110111
0
00000000000000000000000000000000000000000000000000000000000000000000000000000000000000000000000000000000000100000020011000122111110112111111011011111101101111110111111011011111101001111111111111110111
0
00000000000000000000000000000000000000000000000000000000000000000000000000000000000000000000000000000000000100000010011000111111110111111111011011111101101111110111111011011111101001111111111111110111
0
00000000000000000000000000000000000000000000000000000000000000000000000000000000000000000000000000000000000100000010011000111111110111111111011011111101101111110111111011011111101001111111111111110111
0
00002222000000000000000000000000000000000000000000000000000000000000000000000000000000000000000000000000000100000010011000111111110111111111011011111101101111110111111011011111101001111111111111110111
0
00000000000000222200000000000000000000000000000000000000000000000000000000000000000000000000000000000000000100000010011000111111110111111111011011111101101111110111111011011111101001111111111111110111
0
00000000000000000000000022220000000000000000000000000000000000000000000000000000000000000000000000000000000100000010011000111111110111111111011011111101101111110111111011011111101001111111111111110111
2
00000000000000020000000002000000000200000000020000000000000000000000000000000000000000000000000000000000000100000010011000111111110111111111011011111101101111110111111011011111101001111111111111110111
3
00000000000000000000000020000000002000000000200000000020000000000000000000000000000000000000000000000000000100000010011000111111110111111111011011111101101111110111111011011111101001111111111111110111
3
00000000000000000000000000000000020000000002000000000200000000020000000000000000000000000000000000000000000100000010011000111111110111111111011011111101101111110111111011011111101001111111111111110111
3
00000000000000000000000000000000000000000020000000002000000000200000000020000000000000000000000000000000000100000010011000111111110111111111011011111101101111110111111011011111101001111111111111110111
3
00000000000000000000000000000000000000000000000000020000000002000000000200000000020000000000000000000000000100000010011000111111110111111111011011111101101111110111111011011111101001111111111111110111
3
00000000000000000000000000000000000000000000000000000000000020000000002000000000200000000020000000000000000100000010011000111111110111111111011011111101101111110111111011011111101001111111111111110111
0
00000000000000000000000000000000000000000000000000000000000000000000002000000000200000000020000000002000000100000010011000111111110111111111011011111101101111110111111011011111101001111111111111110111
0
00000000000000000000000000000000000000000000000000000000000000000000000000000000200000000020000000002000000100200010011000111111110111111111011011111101101111110111111011011111101001111111111111110111
0
00000000000000000000000000000000000000000000000000000000000000000000000000000000000000000020000000002000000100200010011020111111110111111111011011111101101111110111111011011111101001111111111111110111
0
00000000000000000000000000000000000000000000000000000000000000000000000000000000000000000000000000002000000100200010011020111111112111111111011011111101101111110111111011011111101001111111111111110111
0
00000000000000000000000000000000000000000000000000000000000000000000000000000000000000000000000000000000000100200010011020111111112111111111211011111101101111110111111011011111101001111111111111110111
0
00000000000000000000000000000000000000000000000000000000000000000000000000000000000000000000000000000000000100000010011020111111112111111111211011111121101111110111111011011111101001111111111111110111
0
00000000000000000000000000000000000000000000000000000000000000000000000000000000000000000000000000000000000100000010011000111111112111111111211011111121101111112111111011011111101001111111111111110111
0
00000000000000000000000000000000000000000000000000000000000000000000000000000000000000000000000000000000000100000010011000111111110111111111211011111121101111112111111011211111101001111111111111110111
0
00000000000000000000000000000000000000000000000000000000000000000000000000000000000000000000000000000000000100000010011000111111110111111111011011111121101111112111111011211111101021111111111111110111
0
00000000000000000000000000000000000000000000000000000000000000000000000000000000000000000000000000000000000000000000010000001001100011111111011011111101101111111111111011111111101011111111111111110111
0
00000000000000000000000000000000000000000000000000000000000000000000000000000000000000000000000000000000000000000000010000001001100011111111011011111101101111111111111011111111101011111111111111110111
0
00000200000000000000000000000000000000000000000000000000000000000000000000000000000000000000000000000000000000000000010000001001100011111111011011111101101111111111111011111111101011111111111111110111
0
00000200000000020000000000000000000000000000000000000000000000000000000000000000000000000000000000000000000000000000010000001001100011111111011011111101101111111111111011111111101011111111111111110111
0
00002200000000020000000002000000000000000000000000000000000000000000000000000000000000000000000000000000000000000000010000001001100011111111011011111101101111111111111011111111101011111111111111110111
0
00000000000000220000000002000000000200000000000000000000000000000000000000000000000000000000000000000000000000000000010000001001100011111111011011111101101111111111111011111111101011111111111111110111
0
00000000000000000000000022000000000200000000020000000000000000000000000000000000000000000000000000000000000000000000010000001001100011111111011011111101101111111111111011111111101011111111111111110111
0
00000000000000000000000000000000002200000000020000000002000000000000000000000000000000000000000000000000000000000000010000001001100011111111011011111101101111111111111011111111101011111111111111110111
0
00000000000000000000000000000000000000000000220000000002000000000200000000000000000000000000000000000000000000000000010000001001100011111111011011111101101111111111111011111111101011111111111111110111
0
00000000000000000000000000000000000000000000000000000022000000000200000000020000000000000000000000000000000000000000010000001001100011111111011011111101101111111111111011111111101011111111111111110111
0
BREAK
