00000000000000000000000000000000000000000000000000000000000000000000000000000000000000000000000000000000000000000000000000000000000000000000000000000000000000000000000000000000000000000000000000000000
0
00000200000000000000000000000000000000000000000000000000000000000000000000000000000000000000000000000000000000000000000000000000000000000000000000000000000000000000000000000000000000000000000000000000
0
00002200000000020000000000000000000000000000000000000000000000000000000000000000000000000000000000000000000000000000000000000000000000000000000000000000000000000000000000000000000000000000000000000000
0
00002000000000220000000002000000000000000000000000000000000000000000000000000000000000000000000000000000000000000000000000000000000000000000000000000000000000000000000000000000000000000000000000000000
0
00000000000000200000000022000000000200000000000000000000000000000000000000000000000000000000000000000000000000000000000000000000000000000000000000000000000000000000000000000000000000000000000000000000
0
00000000000000000000000020000000002200000000020000000000000000000000000000000000000000000000000000000000000000000000000000000000000000000000000000000000000000000000000000000000000000000000000000000000
0
00000000000000000000000000000000002000000000220000000002000000000000000000000000000000000000000000000000000000000000000000000000000000000000000000000000000000000000000000000000000000000000000000000000
0
00000000000000000000000000000000000000000000200000000022000000000200000000000000000000000000000000000000000000000000000000000000000000000000000000000000000000000000000000000000000000000000000000000000
0
00000000000000000000000000000000000000000000000000000020000000002200000000020000000000000000000000000000000000000000000000000000000000000000000000000000000000000000000000000000000000000000000000000000
3
00000000000000000000000000000000000000000000000000000000000000020000000002200000000020000000000000000000000000000000000000000000000000000000000000000000000000000000000000000000000000000000000000000000
0
00000000000000000000000000000000000000000000000000000000000000000000000002000000000220000000002000000000000000000000000000000000000000000000000000000000000000000000000000000000000000000000000000000000
0
00000000000000000000000000000000000000000000000000000000000000000000000000000000000200000000022000000000200000000000000000000000000000000000000000000000000000000000000000000000000000000000000000000000
1
00000000000000000000000000000000000000000000000000000000000000000000000000000000000000000000000000000000220000000220000000000000000000000000000000000000000000000000000000000000000000000000000000000000
0
00000000000000000000000000000000000000000000000000000000000000000000000000000000000000000000000000000000000000000022000000022000000000000000000000000000000000000000000000000000000000000000000000000000
3
00000000000000000000000000000000000000000000000000000000000000000000000000000000000000000000000000000000000000000000000000022000000022000000000000000000000000000000000000000000000000000000000000000000
3
00000000000000000000000000000000000000000000000000000000000000000000000000000000000000000000000000000000000000000000000000000000000022000000022000000000000000000000000000000000000000000000000000000000
3
00000000000000000000000000000000000000000000000000000000000000000000000000000000000000000000000000000000000000000000000000000000000000000000022000000022000000000000000000000000000000000000000000000000
0
00000000000000000000000000000000000000000000000000000000000000000000000000000000000000000000000000000000000000000000000000000000000000000000000000000002200000002200000000000000000000000000000000000000
0
00000000000000000000000000000000000000000000000000000000000000000000000000000000000000000000000000000000000000000000000000000000000000000000000000000000000000000220000000220000000000000000000000000000
0
00000000000000000000000000000000000000000000000000000000000000000000000000000000000000000000000000000000000000000000000000000000000000000000000000000000000000000000000000022000000022000000000000000000
0
00000000000000000000000000000000000000000000000000000000000000000000000000000000000000000000000000000000000000000000000000000000000000000000000000000000000000000000000000000000000002200000002200000000
0
00000000000000000000000000000000000000000000000000000000000000000000000000000000000000000000000000000000000000000000000000000000000000000000000000000000000000000000000000000000000001100000001100000000
0
00000000000000000000000000000000000000000000000000000000000000000000000000000000000000000000000000000000000000000000000000000000000000000000000000000000000000000000000000000000000001100000001100000000
0
00000000000000000000000000000000000000000000000000000000000000000000000000000000000000000000000000000000000000000000000000000000000000000000000000000000000000000000000000000000000001100000001100000000
0
00002200000000000000000000000000000000000000000000000000000000000000000000000000000000000000000000000000000000000000000000000000000000000000000000000000000000000000000000000000000001100000001100000000
0
00000220000000220000000000000000000000000000000000000000000000000000000000000000000000000000000000000000000000000000000000000000000000000000000000000000000000000000000000000000000001100000001100000000
0
00000000000000022000000022000000000000000000000000000000000000000000000000000000000000000000000000000000000000000000000000000000000000000000000000000000000000000000000000000000000001100000001100000000
0
00000000000000000000000002200000002200000000000000000000000000000000000000000000000000000000000000000000000000000000000000000000000000000000000000000000000000000000000000000000000001100000001100000000
0
00000000000000000000000000000000000220000000220000000000000000000000000000000000000000000000000000000000000000000000000000000000000000000000000000000000000000000000000000000000000001100000001100000000
0
00000000000000000000000000000000000000000000022000000022000000000000000000000000000000000000000000000000000000000000000000000000000000000000000000000000000000000000000000000000000001100000001100000000
0
00000000000000000000000000000000000000000000000000000002200000002200000000000000000000000000000000000000000000000000000000000000000000000000000000000000000000000000000000000000000001100000001100000000
0
00000000000000000000000000000000000000000000000000000000000000000220000000220000000000000000000000000000000000000000000000000000000000000000000000000000000000000000000000000000000001100000001100000000
0
00000000000000000000000000000000000000000000000000000000000000000000000000022000000022000000000000000000000000000000000000000000000000000000000000000000000000000000000000000000000001100000001100000000
0
00000000000000000000000000000000000000000000000000000000000000000000000000000000000002200000002200000000000000000000000000000000000000000000000000000000000000000000000000000000000001100000001100000000
0
00000000000000000000000000000000000000000000000000000000000000000000000000000000000000000000000220000000220000000000000000000000000000000000000000000000000000000000000000000000000001100000001100000000
0
00000000000000000000000000000000000000000000000000000000000000000000000000000000000000000000000000000000022000000022000000000000000000000000000000000000000000000000000000000000000001100000001100000000
0
00000000000000000000000000000000000000000000000000000000000000000000000000000000000000000000000000000000000000000002200000002200000000000000000000000000000000000000000000000000000001100000001100000000
0
00000000000000000000000000000000000000000000000000000000000000000000000000000000000000000000000000000000000000000000000000000220000000220000000000000000000000000000000000000000000001100000001100000000
0
00000000000000000000000000000000000000000000000000000000000000000000000000000000000000000000000000000000000000000000000000000000000000022000000022000000000000000000000000000000000001100000001100000000
0
00000000000000000000000000000000000000000000000000000000000000000000000000000000000000000000000000000000000000000000000000000000000000000000000002200000002200000000000000000000000001100000001100000000
0
00000000000000000000000000000000000000000000000000000000000000000000000000000000000000000000000000000000000000000000000000000000000000000000000000000000000220000000220000000000000001100000001100000000
0
00000000000000000000000000000000000000000000000000000000000000000000000000000000000000000000000000000000000000000000000000000000000000000000000000000000000000000000022000000022000001100000001100000000
3
00000000000000000000000000000000000000000000000000000000000000000000000000000000000000000000000000000000000000000000000000000000000000000000000000000000000000000000000000000022000001122000001100000000
0
00000000000000000000000000000000000000000000000000000000000000000000000000000000000000000000000000000000000000000000000000000000000000000000000000000000000000000000000000000000000001102200001102200000
3
00000000000000000000000000000000000000000000000000000000000000000000000000000000000000000000000000000000000000000000000000000000000000000000000000000000000000000000000000000000000001101100001101100000
0
00000000000000000000000000000000000000000000000000000000000000000000000000000000000000000000000000000000000000000000000000000000000000000000000000000000000000000000000000000000000001101100001101100000
0
00000200000000000000000000000000000000000000000000000000000000000000000000000000000000000000000000000000000000000000000000000000000000000000000000000000000000000000000000000000000001101100001101100000
0
00002220000000020000000000000000000000000000000000000000000000000000000000000000000000000000000000000000000000000000000000000000000000000000000000000000000000000000000000000000000001101100001101100000
0
00000000000000222000000002000000000000000000000000000000000000000000000000000000000000000000000000000000000000000000000000000000000000000000000000000000000000000000000000000000000001101100001101100000
0
00000000000000000000000022200000000200000000000000000000000000000000000000000000000000000000000000000000000000000000000000000000000000000000000000000000000000000000000000000000000001101100001101100000
0
00000000000000000000000000000000002220000000020000000000000000000000000000000000000000000000000000000000000000000000000000000000000000000000000000000000000000000000000000000000000001101100001101100000
0
00000000000000000000000000000000000000000000222000000002000000000000000000000000000000000000000000000000000000000000000000000000000000000000000000000000000000000000000000000000000001101100001101100000
0
00000000000000000000000000000000000000000000000000000022200000000200000000000000000000000000000000000000000000000000000000000000000000000000000000000000000000000000000000000000000001101100001101100000
0
00000000000000000000000000000000000000000000000000000000000000002220000000020000000000000000000000000000000000000000000000000000000000000000000000000000000000000000000000000000000001101100001101100000
0
00000000000000000000000000000000000000000000000000000000000000000000000000222000000002000000000000000000000000000000000000000000000000000000000000000000000000000000000000000000000001101100001101100000
3
00000000000000000000000000000000000000000000000000000000000000000000000000000000000222000000002000000000000000000000000000000000000000000000000000000000000000000000000000000000000001101100001101100000
0
00000000000000000000000000000000000000000000000000000000000000000000000000000000000000000000022200000000200000000000000000000000000000000000000000000000000000000000000000000000000001101100001101100000
0
00000000000000000000000000000000000000000000000000000000000000000000000000000000000000000000000000000002220000000020000000000000000000000000000000000000000000000000000000000000000001101100001101100000
0
00000000000000000000000000000000000000000000000000000000000000000000000000000000000000000000000000000000000000000222000000002000000000000000000000000000000000000000000000000000000001101100001101100000
3
00000000000000000000000000000000000000000000000000000000000000000000000000000000000000000000000000000000000000000000000000222000000002000000000000000000000000000000000000000000000001101100001101100000
0
00000000000000000000000000000000000000000000000000000000000000000000000000000000000000000000000000000000000000000000000000000000000022200000000200000000000000000000000000000000000001101100001101100000
0
00000000000000000000000000000000000000000000000000000000000000000000000000000000000000000000000000000000000000000000000000000000000000000000002220000000020000000000000000000000000001101100001101100000
0
00000000000000000000000000000000000000000000000000000000000000000000000000000000000000000000000000000000000000000000000000000000000000000000000000000000222000000002000000000000000001101100001101100000
0
00000000000000000000000000000000000000000000000000000000000000000000000000000000000000000000000000000000000000000000000000000000000000000000000000000000000000000022200000000200000001101100001101100000
0
00000000000000000000000000000000000000000000000000000000000000000000000000000000000000000000000000000000000000000000000000000000000000000000000000000000000000000000000000002220000001121100001101100000
0
00000000000000000000000000000000000000000000000000000000000000000000000000000000000000000000000000000000000000000000000000000000000000000000000000000000000000000000000000001110000001111100001101100000
0
00000000000000000000000000000000000000000000000000000000000000000000000000000000000000000000000000000000000000000000000000000000000000000000000000000000000000000000000000001110000001111100001101100000
0
00000220000000000000000000000000000000000000000000000000000000000000000000000000000000000000000000000000000000000000000000000000000000000000000000000000000000000000000000001110000001111100001101100000
0
00000200000000022000000000000000000000000000000000000000000000000000000000000000000000000000000000000000000000000000000000000000000000000000000000000000000000000000000000001110000001111100001101100000
0
00000200000000020000000002200000000000000000000000000000000000000000000000000000000000000000000000000000000000000000000000000000000000000000000000000000000000000000000000001110000001111100001101100000
0
00000000000000020000000002000000000220000000000000000000000000000000000000000000000000000000000000000000000000000000000000000000000000000000000000000000000000000000000000001110000001111100001101100000
0
00000000000000000000000002000000000200000000022000000000000000000000000000000000000000000000000000000000000000000000000000000000000000000000000000000000000000000000000000001110000001111100001101100000
3
00000000000000000000000000000000002000000000200000000022000000000000000000000000000000000000000000000000000000000000000000000000000000000000000000000000000000000000000000001110000001111100001101100000
3
00000000000000000000000000000000000000000002000000000200000000022000000000000000000000000000000000000000000000000000000000000000000000000000000000000000000000000000000000001110000001111100001101100000
0
00000000000000000000000000000000000000000000000000000200000000020000000002200000000000000000000000000000000000000000000000000000000000000000000000000000000000000000000000001110000001111100001101100000
3
00000000000000000000000000000000000000000000000000000000000000200000000020000000002200000000000000000000000000000000000000000000000000000000000000000000000000000000000000001110000001111100001101100000
1
00000000000000000000000000000000000000000000000000000000000000000000000002000000022200000000000000000000000000000000000000000000000000000000000000000000000000000000000000001110000001111100001101100000
0
00000000000000000000000000000000000000000000000000000000000000000000000000000000000200000002220000000000000000000000000000000000000000000000000000000000000000000000000000001110000001111100001101100000
1
00000000000000000000000000000000000000000000000000000000000000000000000000000000000000000002200000000020000000002000000000000000000000000000000000000000000000000000000000001110000001111100001101100000
0
00000000000000000000000000000000000000000000000000000000000000000000000000000000000000000000000000000220000000002000000000200000000000000000000000000000000000000000000000001110000001111100001101100000
3
00000000000000000000000000000000000000000000000000000000000000000000000000000000000000000000000000000000000000220000000002000000000200000000000000000000000000000000000000001110000001111100001101100000
3
00000000000000000000000000000000000000000000000000000000000000000000000000000000000000000000000000000000000000000000000022000000000200000000020000000000000000000000000000001110000001111100001101100000
0
00000000000000000000000000000000000000000000000000000000000000000000000000000000000000000000000000000000000000000000000000000000002200000000020000000002000000000000000000001110000001111100001101100000
0
00000000000000000000000000000000000000000000000000000000000000000000000000000000000000000000000000000000000000000000000000000000000000000000220000000002000000000200000000001110000001111100001101100000
0
00000000000000000000000000000000000000000000000000000000000000000000000000000000000000000000000000000000000000000000000000000000000000000000000000000022000000000200000000021110000001111100001101100000
0
00000000000000000000000000000000000000000000000000000000000000000000000000000000000000000000000000000000000000000000000000000000000000000000000000000011000000000100000000011110000001111100001101100000
0
00000000000000000000000000000000000000000000000000000000000000000000000000000000000000000000000000000000000000000000000000000000000000000000000000000011000000000100000000011110000001111100001101100000
0
00000020000000000000000000000000000000000000000000000000000000000000000000000000000000000000000000000000000000000000000000000000000000000000000000000011000000000100000000011110000001111100001101100000
0
00000220000000002000000000000000000000000000000000000000000000000000000000000000000000000000000000000000000000000000000000000000000000000000000000000011000000000100000000011110000001111100001101100000
0
00000200000000022000000000200000000000000000000000000000000000000000000000000000000000000000000000000000000000000000000000000000000000000000000000000011000000000100000000011110000001111100001101100000
4
00000000000000002000000000220000000002000000000000000000000000000000000000000000000000000000000000000000000000000000000000000000000000000000000000000011000000000100000000011110000001111100001101100000
0
00000000000000000000000000200000000022000000000200000000000000000000000000000000000000000000000000000000000000000000000000000000000000000000000000000011000000000100000000011110000001111100001101100000
0
00000000000000000000000000000000000020000000002200000000020000000000000000000000000000000000000000000000000000000000000000000000000000000000000000000011000000000100000000011110000001111100001101100000
0
00000000000000000000000000000000000000000000002000000000220000000002000000000000000000000000000000000000000000000000000000000000000000000000000000000011000000000100000000011110000001111100001101100000
0
00000000000000000000000000000000000000000000000000000000200000000022000000000200000000000000000000000000000000000000000000000000000000000000000000000011000000000100000000011110000001111100001101100000
0
00000000000000000000000000000000000000000000000000000000000000000020000000002200000000020000000000000000000000000000000000000000000000000000000000000011000000000100000000011110000001111100001101100000
0
00000000000000000000000000000000000000000000000000000000000000000000000000002000000000220000000002000000000000000000000000000000000000000000000000000011000000000100000000011110000001111100001101100000
0
00000000000000000000000000000000000000000000000000000000000000000000000000000000000000200000000022000000000200000000000000000000000000000000000000000011000000000100000000011110000001111100001101100000
0
00000000000000000000000000000000000000000000000000000000000000000000000000000000000000000000000020000000002200000000020000000000000000000000000000000011000000000100000000011110000001111100001101100000
0
00000000000000000000000000000000000000000000000000000000000000000000000000000000000000000000000000000000002000000000220000000002000000000000000000000011000000000100000000011110000001111100001101100000
0
00000000000000000000000000000000000000000000000000000000000000000000000000000000000000000000000000000000000000000000200000000022000000000200000000000011000000000100000000011110000001111100001101100000
0
00000000000000000000000000000000000000000000000000000000000000000000000000000000000000000000000000000000000000000000000000000020000000002200000000020011000000000100000000011110000001111100001101100000
2
00000000000000000000000000000000000000000000000000000000000000000000000000000000000000000000000000000000000000000000000000000000000000000000000000220011000220000100000000011110000001111100001101100000
0
00000000000000000000000000000000000000000000000000000000000000000000000000000000000000000000000000000000000000000000000000000000000000000000000000000011000022000100022000011110000001111100001101100000
0
00000000000000000000000000000000000000000000000000000000000000000000000000000000000000000000000000000000000000000000000000000000000000000000000000000011000000000100002200011112200001111100001101100000
4
00000000000000000000000000000000000000000000000000000000000000000000000000000000000000000000000000000000000000000000000000000000000000000000000000000011000000000100000000011110022001111122001101100000
0
00000000000000000000000000000000000000000000000000000000000000000000000000000000000000000000000000000000000000000000000000000000000000000000000000000011000000000100000000011110000001111102201101102200
3
00000000000000000000000000000000000000000000000000000000000000000000000000000000000000000000000000000000000000000000000000000000000000000000000000000011000000000100000000011110000001111101101101101100
0
00000000000000000000000000000000000000000000000000000000000000000000000000000000000000000000000000000000000000000000000000000000000000000000000000000011000000000100000000011110000001111101101101101100
0
00000000000000000000000000000000000000000000000000000000000000000000000000000000000000000000000000000000000000000000000000000000000000000000000000000011000000000100000000011110000001111101101101101100
0
00002200000000000000000000000000000000000000000000000000000000000000000000000000000000000000000000000000000000000000000000000000000000000000000000000011000000000100000000011110000001111101101101101100
0
00002200000000220000000000000000000000000000000000000000000000000000000000000000000000000000000000000000000000000000000000000000000000000000000000000011000000000100000000011110000001111101101101101100
0
00000000000000220000000022000000000000000000000000000000000000000000000000000000000000000000000000000000000000000000000000000000000000000000000000000011000000000100000000011110000001111101101101101100
0
00000000000000000000000022000000002200000000000000000000000000000000000000000000000000000000000000000000000000000000000000000000000000000000000000000011000000000100000000011110000001111101101101101100
0
00000000000000000000000000000000002200000000220000000000000000000000000000000000000000000000000000000000000000000000000000000000000000000000000000000011000000000100000000011110000001111101101101101100
0
00000000000000000000000000000000000000000000220000000022000000000000000000000000000000000000000000000000000000000000000000000000000000000000000000000011000000000100000000011110000001111101101101101100
0
00000000000000000000000000000000000000000000000000000022000000002200000000000000000000000000000000000000000000000000000000000000000000000000000000000011000000000100000000011110000001111101101101101100
0
00000000000000000000000000000000000000000000000000000000000000002200000000220000000000000000000000000000000000000000000000000000000000000000000000000011000000000100000000011110000001111101101101101100
0
00000000000000000000000000000000000000000000000000000000000000000000000000220000000022000000000000000000000000000000000000000000000000000000000000000011000000000100000000011110000001111101101101101100
3
00000000000000000000000000000000000000000000000000000000000000000000000000000000000220000000022000000000000000000000000000000000000000000000000000000011000000000100000000011110000001111101101101101100
0
00000000000000000000000000000000000000000000000000000000000000000000000000000000000000000000022000000002200000000000000000000000000000000000000000000011000000000100000000011110000001111101101101101100
3
00000000000000000000000000000000000000000000000000000000000000000000000000000000000000000000000000000022000000002200000000000000000000000000000000000011000000000100000000011110000001111101101101101100
0
00000000000000000000000000000000000000000000000000000000000000000000000000000000000000000000000000000000000000002200000000220000000000000000000000000011000000000100000000011110000001111101101101101100
0
00000000000000000000000000000000000000000000000000000000000000000000000000000000000000000000000000000000000000000000000000220000000022000000000000000011000000000100000000011110000001111101101101101100
0
00000000000000000000000000000000000000000000000000000000000000000000000000000000000000000000000000000000000000000000000000000000000022000000002200000011000000000100000000011110000001111101101101101100
0
00000000000000000000000000000000000000000000000000000000000000000000000000000000000000000000000000000000000000000000000000000000000000000000002200000011220000000100000000011110000001111101101101101100
0
00000000000000000000000000000000000000000000000000000000000000000000000000000000000000000000000000000000000000000000000000000000000000000000000000000011220000000122000000011110000001111101101101101100
0
00000000000000000000000000000000000000000000000000000000000000000000000000000000000000000000000000000000000000000000000000000000000000000000000000000011110000000111000000011110000001111101101101101100
0
00000000000000000000000000000000000000000000000000000000000000000000000000000000000000000000000000000000000000000000000000000000000000000000000000000011110000000111000000011110000001111101101101101100
0
00000020000000000000000000000000000000000000000000000000000000000000000000000000000000000000000000000000000000000000000000000000000000000000000000000011110000000111000000011110000001111101101101101100
0
00002220000000002000000000000000000000000000000000000000000000000000000000000000000000000000000000000000000000000000000000000000000000000000000000000011110000000111000000011110000001111101101101101100
0
00000000000000222000000000200000000000000000000000000000000000000000000000000000000000000000000000000000000000000000000000000000000000000000000000000011110000000111000000011110000001111101101101101100
0
00000000000000000000000022200000000020000000000000000000000000000000000000000000000000000000000000000000000000000000000000000000000000000000000000000011110000000111000000011110000001111101101101101100
0
00000000000000000000000000000000002220000000002000000000000000000000000000000000000000000000000000000000000000000000000000000000000000000000000000000011110000000111000000011110000001111101101101101100
0
00000000000000000000000000000000000000000000222000000000200000000000000000000000000000000000000000000000000000000000000000000000000000000000000000000011110000000111000000011110000001111101101101101100
0
00000000000000000000000000000000000000000000000000000022200000000020000000000000000000000000000000000000000000000000000000000000000000000000000000000011110000000111000000011110000001111101101101101100
0
00000000000000000000000000000000000000000000000000000000000000002220000000002000000000000000000000000000000000000000000000000000000000000000000000000011110000000111000000011110000001111101101101101100
0
00000000000000000000000000000000000000000000000000000000000000000000000000222000000000200000000000000000000000000000000000000000000000000000000000000011110000000111000000011110000001111101101101101100
0
00000000000000000000000000000000000000000000000000000000000000000000000000000000000022200000000020000000000000000000000000000000000000000000000000000011110000000111000000011110000001111101101101101100
0
00000000000000000000000000000000000000000000000000000000000000000000000000000000000000000000002220000000002000000000000000000000000000000000000000000011110000000111000000011110000001111101101101101100
0
00000000000000000000000000000000000000000000000000000000000000000000000000000000000000000000000000000000222000000000200000000000000000000000000000000011110000000111000000011110000001111101101101101100
0
00000000000000000000000000000000000000000000000000000000000000000000000000000000000000000000000000000000000000000022200000000020000000000000000000000011110000000111000000011110000001111101101101101100
0
00000000000000000000000000000000000000000000000000000000000000000000000000000000000000000000000000000000000000000000000000002220000000002000000000000011110000000111000000011110000001111101101101101100
3
00000000000000000000000000000000000000000000000000000000000000000000000000000000000000000000000000000000000000000000000000000000000002220000000002000011110000000111000000011110000001111101101101101100
0
00000000000000000000000000000000000000000000000000000000000000000000000000000000000000000000000000000000000000000000000000000000000000000000000222000011110200000111000000011110000001111101101101101100
3
00000000000000000000000000000000000000000000000000000000000000000000000000000000000000000000000000000000000000000000000000000000000000000000000111000011110100000111000000011110000001111101101101101100
0
00000000000000000000000000000000000000000000000000000000000000000000000000000000000000000000000000000000000000000000000000000000000000000000000111000011110100000111000000011110000001111101101101101100
0
00000000000000000000000000000000000000000000000000000000000000000000000000000000000000000000000000000000000000000000000000000000000000000000000111000011110100000111000000011110000001111101101101101100
0
00002220000000000000000000000000000000000000000000000000000000000000000000000000000000000000000000000000000000000000000000000000000000000000000111000011110100000111000000011110000001111101101101101100
0
00000020000000222000000000000000000000000000000000000000000000000000000000000000000000000000000000000000000000000000000000000000000000000000000111000011110100000111000000011110000001111101101101101100
0
00000000000000002000000022200000000000000000000000000000000000000000000000000000000000000000000000000000000000000000000000000000000000000000000111000011110100000111000000011110000001111101101101101100
0
00000000000000000000000000200000002220000000000000000000000000000000000000000000000000000000000000000000000000000000000000000000000000000000000111000011110100000111000000011110000001111101101101101100
0
00000000000000000000000000000000000020000000222000000000000000000000000000000000000000000000000000000000000000000000000000000000000000000000000111000011110100000111000000011110000001111101101101101100
0
00000000000000000000000000000000000000000000002000000022200000000000000000000000000000000000000000000000000000000000000000000000000000000000000111000011110100000111000000011110000001111101101101101100
0
00000000000000000000000000000000000000000000000000000000200000002220000000000000000000000000000000000000000000000000000000000000000000000000000111000011110100000111000000011110000001111101101101101100
0
00000000000000000000000000000000000000000000000000000000000000000020000000222000000000000000000000000000000000000000000000000000000000000000000111000011110100000111000000011110000001111101101101101100
0
BREAK
00000000000000000000000000000000000000000000000000000000000000000000000000000000000000000000000000000000000000000000000000000000000000000000000000000000000000000000000000000000000000000000000000000000
0
00000200000000000000000000000000000000000000000000000000000000000000000000000000000000000000000000000000000000000000000000000000000000000000000000000000000000000000000000000000000000000000000000000000
0
00002200000000020000000000000000000000000000000000000000000000000000000000000000000000000000000000000000000000000000000000000000000000000000000000000000000000000000000000000000000000000000000000000000
0
00000200000000220000000002000000000000000000000000000000000000000000000000000000000000000000000000000000000000000000000000000000000000000000000000000000000000000000000000000000000000000000000000000000
0
00000000000000020000000022000000000200000000000000000000000000000000000000000000000000000000000000000000000000000000000000000000000000000000000000000000000000000000000000000000000000000000000000000000
0
00000000000000000000000002000000002200000000020000000000000000000000000000000000000000000000000000000000000000000000000000000000000000000000000000000000000000000000000000000000000000000000000000000000
0
00000000000000000000000000000000000200000000220000000002000000000000000000000000000000000000000000000000000000000000000000000000000000000000000000000000000000000000000000000000000000000000000000000000
2
00000000000000000000000000000000000000000000020000000022200000000000000000000000000000000000000000000000000000000000000000000000000000000000000000000000000000000000000000000000000000000000000000000000
0
00000000000000000000000000000000000000000000000000000002000000002220000000000000000000000000000000000000000000000000000000000000000000000000000000000000000000000000000000000000000000000000000000000000
0
00000000000000000000000000000000000000000000000000000000000000000200000000222000000000000000000000000000000000000000000000000000000000000000000000000000000000000000000000000000000000000000000000000000
4
00000000000000000000000000000000000000000000000000000000000000000000000000002000000002220000000000000000000000000000000000000000000000000000000000000000000000000000000000000000000000000000000000000000
0
00000000000000000000000000000000000000000000000000000000000000000000000000000000000000200000000222000000000000000000000000000000000000000000000000000000000000000000000000000000000000000000000000000000
4
00000000000000000000000000000000000000000000000000000000000000000000000000000000000000000000000002000000002220000000000000000000000000000000000000000000000000000000000000000000000000000000000000000000
0
00000000000000000000000000000000000000000000000000000000000000000000000000000000000000000000000000000000000200000000222000000000000000000000000000000000000000000000000000000000000000000000000000000000
0
00000000000000000000000000000000000000000000000000000000000000000000000000000000000000000000000000000000000000000000020000000022200000000000000000000000000000000000000000000000000000000000000000000000
4
00000000000000000000000000000000000000000000000000000000000000000000000000000000000000000000000000000000000000000000000000000000200000000222000000000000000000000000000000000000000000000000000000000000
0
00000000000000000000000000000000000000000000000000000000000000000000000000000000000000000000000000000000000000000000000000000000000000000020000000022200000000000000000000000000000000000000000000000000
0
00000000000000000000000000000000000000000000000000000000000000000000000000000000000000000000000000000000000000000000000000000000000000000000000000002000000002220000000000000000000000000000000000000000
0
00000000000000000000000000000000000000000000000000000000000000000000000000000000000000000000000000000000000000000000000000000000000000000000000000000000000000200000000222000000000000000000000000000000
0
00000000000000000000000000000000000000000000000000000000000000000000000000000000000000000000000000000000000000000000000000000000000000000000000000000000000000000000000020000000022200000000000000000000
0
00000000000000000000000000000000000000000000000000000000000000000000000000000000000000000000000000000000000000000000000000000000000000000000000000000000000000000000000000000000002000000002220000000000
0
00000000000000000000000000000000000000000000000000000000000000000000000000000000000000000000000000000000000000000000000000000000000000000000000000000000000000000000000000000000000000000000200000000222
0
00000000000000000000000000000000000000000000000000000000000000000000000000000000000000000000000000000000000000000000000000000000000000000000000000000000000000000000000000000000000000000000100000000111
0
00000000000000000000000000000000000000000000000000000000000000000000000000000000000000000000000000000000000000000000000000000000000000000000000000000000000000000000000000000000000000000000100000000111
0
00000200000000000000000000000000000000000000000000000000000000000000000000000000000000000000000000000000000000000000000000000000000000000000000000000000000000000000000000000000000000000000100000000111
0
00000220000000020000000000000000000000000000000000000000000000000000000000000000000000000000000000000000000000000000000000000000000000000000000000000000000000000000000000000000000000000000100000000111
0
00000200000000022000000002000000000000000000000000000000000000000000000000000000000000000000000000000000000000000000000000000000000000000000000000000000000000000000000000000000000000000000100000000111
0
00000000000000020000000002200000000200000000000000000000000000000000000000000000000000000000000000000000000000000000000000000000000000000000000000000000000000000000000000000000000000000000100000000111
0
00000000000000000000000002000000000220000000020000000000000000000000000000000000000000000000000000000000000000000000000000000000000000000000000000000000000000000000000000000000000000000000100000000111
0
00000000000000000000000000000000000200000000022000000002000000000000000000000000000000000000000000000000000000000000000000000000000000000000000000000000000000000000000000000000000000000000100000000111
0
00000000000000000000000000000000000000000000020000000002200000000200000000000000000000000000000000000000000000000000000000000000000000000000000000000000000000000000000000000000000000000000100000000111
0
00000000000000000000000000000000000000000000000000000002000000000220000000020000000000000000000000000000000000000000000000000000000000000000000000000000000000000000000000000000000000000000100000000111
0
00000000000000000000000000000000000000000000000000000000000000000200000000022000000002000000000000000000000000000000000000000000000000000000000000000000000000000000000000000000000000000000100000000111
0
00000000000000000000000000000000000000000000000000000000000000000000000000020000000002200000000200000000000000000000000000000000000000000000000000000000000000000000000000000000000000000000100000000111
0
00000000000000000000000000000000000000000000000000000000000000000000000000000000000002000000000220000000020000000000000000000000000000000000000000000000000000000000000000000000000000000000100000000111
0
00000000000000000000000000000000000000000000000000000000000000000000000000000000000000000000000200000000022000000002000000000000000000000000000000000000000000000000000000000000000000000000100000000111
0
00000000000000000000000000000000000000000000000000000000000000000000000000000000000000000000000000000000020000000002200000000200000000000000000000000000000000000000000000000000000000000000100000000111
0
00000000000000000000000000000000000000000000000000000000000000000000000000000000000000000000000000000000000000000002000000000220000000020000000000000000000000000000000000000000000000000000100000000111
0
00000000000000000000000000000000000000000000000000000000000000000000000000000000000000000000000000000000000000000000000000000200000000022000000002000000000000000000000000000000000000000000100000000111
0
00000000000000000000000000000000000000000000000000000000000000000000000000000000000000000000000000000000000000000000000000000000000000020000000002200000000200000000000000000000000000000000100000000111
0
00000000000000000000000000000000000000000000000000000000000000000000000000000000000000000000000000000000000000000000000000000000000000000000000002000000000220000000020000000000000000000000100000000111
4
00000000000000000000000000000000000000000000000000000000000000000000000000000000000000000000000000000000000000000000000000000000000000000000000000000000000020000000002200000000200000000000100000000111
0
00000000000000000000000000000000000000000000000000000000000000000000000000000000000000000000000000000000000000000000000000000000000000000000000000000000000000000000002000000000220000000020100000000111
0
00000000000000000000000000000000000000000000000000000000000000000000000000000000000000000000000000000000000000000000000000000000000000000000000000000000000000000000000000000000200000000022100000002111
0
00000000000000000000000000000000000000000000000000000000000000000000000000000000000000000000000000000000000000000000000000000000000000000000000000000000000000000000000000000000100000000011100000001111
0
00000000000000000000000000000000000000000000000000000000000000000000000000000000000000000000000000000000000000000000000000000000000000000000000000000000000000000000000000000000100000000011100000001111
0
00000000000000000000000000000000000000000000000000000000000000000000000000000000000000000000000000000000000000000000000000000000000000000000000000000000000000000000000000000000100000000011100000001111
0
00002220000000000000000000000000000000000000000000000000000000000000000000000000000000000000000000000000000000000000000000000000000000000000000000000000000000000000000000000000100000000011100000001111
0
00002000000000222000000000000000000000000000000000000000000000000000000000000000000000000000000000000000000000000000000000000000000000000000000000000000000000000000000000000000100000000011100000001111
0
00000000000000200000000022200000000000000000000000000000000000000000000000000000000000000000000000000000000000000000000000000000000000000000000000000000000000000000000000000000100000000011100000001111
0
00000000000000000000000020000000002220000000000000000000000000000000000000000000000000000000000000000000000000000000000000000000000000000000000000000000000000000000000000000000100000000011100000001111
0
00000000000000000000000000000000002000000000222000000000000000000000000000000000000000000000000000000000000000000000000000000000000000000000000000000000000000000000000000000000100000000011100000001111
0
00000000000000000000000000000000000000000000200000000022200000000000000000000000000000000000000000000000000000000000000000000000000000000000000000000000000000000000000000000000100000000011100000001111
0
00000000000000000000000000000000000000000000000000000020000000002220000000000000000000000000000000000000000000000000000000000000000000000000000000000000000000000000000000000000100000000011100000001111
0
00000000000000000000000000000000000000000000000000000000000000002000000000222000000000000000000000000000000000000000000000000000000000000000000000000000000000000000000000000000100000000011100000001111
0
00000000000000000000000000000000000000000000000000000000000000000000000000200000000022200000000000000000000000000000000000000000000000000000000000000000000000000000000000000000100000000011100000001111
0
00000000000000000000000000000000000000000000000000000000000000000000000000000000000020000000002220000000000000000000000000000000000000000000000000000000000000000000000000000000100000000011100000001111
0
BREAK
00000000000000000000000000000000000000000000000000000000000000000000000000000000000000000000000000000000000000000000000000000000000000000000000000000000000000000000000000000000000000000000000000000000
0
00000000000000000000000000000000000000000000000000000000000000000000000000000000000000000000000000000000000000000000000000000000000000000000000000000000000000000000000000000000000000000000000000000000
0
00002220000000000000000000000000000000000000000000000000000000000000000000000000000000000000000000000000000000000000000000000000000000000000000000000000000000000000000000000000000000000000000000000000
0
00002000000000222000000000000000000000000000000000000000000000000000000000000000000000000000000000000000000000000000000000000000000000000000000000000000000000000000000000000000000000000000000000000000
0
00000000000000200000000022200000000000000000000000000000000000000000000000000000000000000000000000000000000000000000000000000000000000000000000000000000000000000000000000000000000000000000000000000000
0
00000000000000000000000020000000002220000000000000000000000000000000000000000000000000000000000000000000000000000000000000000000000000000000000000000000000000000000000000000000000000000000000000000000
0
00000000000000000000000000000000002000000000222000000000000000000000000000000000000000000000000000000000000000000000000000000000000000000000000000000000000000000000000000000000000000000000000000000000
4
00000000000000000000000000000000000000000000020000000002220000000000000000000000000000000000000000000000000000000000000000000000000000000000000000000000000000000000000000000000000000000000000000000000
0
00000000000000000000000000000000000000000000000000000002000000000222000000000000000000000000000000000000000000000000000000000000000000000000000000000000000000000000000000000000000000000000000000000000
4
00000000000000000000000000000000000000000000000000000000000000000020000000002220000000000000000000000000000000000000000000000000000000000000000000000000000000000000000000000000000000000000000000000000
0
00000000000000000000000000000000000000000000000000000000000000000000000000002000000000222000000000000000000000000000000000000000000000000000000000000000000000000000000000000000000000000000000000000000
0
00000000000000000000000000000000000000000000000000000000000000000000000000000000000000200000000022200000000000000000000000000000000000000000000000000000000000000000000000000000000000000000000000000000
4
00000000000000000000000000000000000000000000000000000000000000000000000000000000000000000000000002000000000222000000000000000000000000000000000000000000000000000000000000000000000000000000000000000000
0
00000000000000000000000000000000000000000000000000000000000000000000000000000000000000000000000000000000000200000000022200000000000000000000000000000000000000000000000000000000000000000000000000000000
0
00000000000000000000000000000000000000000000000000000000000000000000000000000000000000000000000000000000000000000000020000000002220000000000000000000000000000000000000000000000000000000000000000000000
0
00000000000000000000000000000000000000000000000000000000000000000000000000000000000000000000000000000000000000000000000000000002000000000222000000000000000000000000000000000000000000000000000000000000
0
00000000000000000000000000000000000000000000000000000000000000000000000000000000000000000000000000000000000000000000000000000000000000000200000000022200000000000000000000000000000000000000000000000000
0
00000000000000000000000000000000000000000000000000000000000000000000000000000000000000000000000000000000000000000000000000000000000000000000000000020000000002220000000000000000000000000000000000000000
0
00000000000000000000000000000000000000000000000000000000000000000000000000000000000000000000000000000000000000000000000000000000000000000000000000000000000002000000000222000000000000000000000000000000
0
00000000000000000000000000000000000000000000000000000000000000000000000000000000000000000000000000000000000000000000000000000000000000000000000000000000000000000000000200000000022200000000000000000000
0
00000000000000000000000000000000000000000000000000000000000000000000000000000000000000000000000000000000000000000000000000000000000000000000000000000000000000000000000000000000020000000002220000000000
0
00000000000000000000000000000000000000000000000000000000000000000000000000000000000000000000000000000000000000000000000000000000000000000000000000000000000000000000000000000000000000000002000000000222
0
00000000000000000000000000000000000000000000000000000000000000000000000000000000000000000000000000000000000000000000000000000000000000000000000000000000000000000000000000000000000000000001000000000111
0
00000000000000000000000000000000000000000000000000000000000000000000000000000000000000000000000000000000000000000000000000000000000000000000000000000000000000000000000000000000000000000001000000000111
0
00000000000000000000000000000000000000000000000000000000000000000000000000000000000000000000000000000000000000000000000000000000000000000000000000000000000000000000000000000000000000000001000000000111
0
00002200000000000000000000000000000000000000000000000000000000000000000000000000000000000000000000000000000000000000000000000000000000000000000000000000000000000000000000000000000000000001000000000111
0
00002200000000220000000000000000000000000000000000000000000000000000000000000000000000000000000000000000000000000000000000000000000000000000000000000000000000000000000000000000000000000001000000000111
0
00000000000000220000000022000000000000000000000000000000000000000000000000000000000000000000000000000000000000000000000000000000000000000000000000000000000000000000000000000000000000000001000000000111
0
00000000000000000000000022000000002200000000000000000000000000000000000000000000000000000000000000000000000000000000000000000000000000000000000000000000000000000000000000000000000000000001000000000111
0
00000000000000000000000000000000002200000000220000000000000000000000000000000000000000000000000000000000000000000000000000000000000000000000000000000000000000000000000000000000000000000001000000000111
0
00000000000000000000000000000000000000000000220000000022000000000000000000000000000000000000000000000000000000000000000000000000000000000000000000000000000000000000000000000000000000000001000000000111
0
00000000000000000000000000000000000000000000000000000022000000002200000000000000000000000000000000000000000000000000000000000000000000000000000000000000000000000000000000000000000000000001000000000111
0
00000000000000000000000000000000000000000000000000000000000000002200000000220000000000000000000000000000000000000000000000000000000000000000000000000000000000000000000000000000000000000001000000000111
0
00000000000000000000000000000000000000000000000000000000000000000000000000220000000022000000000000000000000000000000000000000000000000000000000000000000000000000000000000000000000000000001000000000111
4
00000000000000000000000000000000000000000000000000000000000000000000000000000000000002200000000220000000000000000000000000000000000000000000000000000000000000000000000000000000000000000001000000000111
0
00000000000000000000000000000000000000000000000000000000000000000000000000000000000000000000000220000000022000000000000000000000000000000000000000000000000000000000000000000000000000000001000000000111
0
00000000000000000000000000000000000000000000000000000000000000000000000000000000000000000000000000000000022000000002200000000000000000000000000000000000000000000000000000000000000000000001000000000111
0
00000000000000000000000000000000000000000000000000000000000000000000000000000000000000000000000000000000000000000002200000000220000000000000000000000000000000000000000000000000000000000001000000000111
0
00000000000000000000000000000000000000000000000000000000000000000000000000000000000000000000000000000000000000000000000000000220000000022000000000000000000000000000000000000000000000000001000000000111
0
00000000000000000000000000000000000000000000000000000000000000000000000000000000000000000000000000000000000000000000000000000000000000022000000002200000000000000000000000000000000000000001000000000111
0
00000000000000000000000000000000000000000000000000000000000000000000000000000000000000000000000000000000000000000000000000000000000000000000000002200000000220000000000000000000000000000001000000000111
0
00000000000000000000000000000000000000000000000000000000000000000000000000000000000000000000000000000000000000000000000000000000000000000000000000000000000220000000022000000000000000000001000000000111
0
00000000000000000000000000000000000000000000000000000000000000000000000000000000000000000000000000000000000000000000000000000000000000000000000000000000000000000000022000000002200000000001000000000111
0
00000000000000000000000000000000000000000000000000000000000000000000000000000000000000000000000000000000000000000000000000000000000000000000000000000000000000000000000000000002200000000221000000000111
0
00000000000000000000000000000000000000000000000000000000000000000000000000000000000000000000000000000000000000000000000000000000000000000000000000000000000000000000000000000000000000000221000000022111
0
00000000000000000000000000000000000000000000000000000000000000000000000000000000000000000000000000000000000000000000000000000000000000000000000000000000000000000000000000000000000000000111000000011111
0
00000000000000000000000000000000000000000000000000000000000000000000000000000000000000000000000000000000000000000000000000000000000000000000000000000000000000000000000000000000000000000111000000011111
0
00000000000000000000000000000000000000000000000000000000000000000000000000000000000000000000000000000000000000000000000000000000000000000000000000000000000000000000000000000000000000000111000000011111
0
00002200000000000000000000000000000000000000000000000000000000000000000000000000000000000000000000000000000000000000000000000000000000000000000000000000000000000000000000000000000000000111000000011111
0
00002200000000220000000000000000000000000000000000000000000000000000000000000000000000000000000000000000000000000000000000000000000000000000000000000000000000000000000000000000000000000111000000011111
3
00000000000002200000000220000000000000000000000000000000000000000000000000000000000000000000000000000000000000000000000000000000000000000000000000000000000000000000000000000000000000000111000000011111
0
00000000000000000000000220000000022000000000000000000000000000000000000000000000000000000000000000000000000000000000000000000000000000000000000000000000000000000000000000000000000000000111000000011111
0
00000000000000000000000000000000022000000002200000000000000000000000000000000000000000000000000000000000000000000000000000000000000000000000000000000000000000000000000000000000000000000111000000011111
0
00000000000000000000000000000000000000000002200000000220000000000000000000000000000000000000000000000000000000000000000000000000000000000000000000000000000000000000000000000000000000000111000000011111
0
00000000000000000000000000000000000000000000000000000220000000022000000000000000000000000000000000000000000000000000000000000000000000000000000000000000000000000000000000000000000000000111000000011111
0
00000000000000000000000000000000000000000000000000000000000000022000000002200000000000000000000000000000000000000000000000000000000000000000000000000000000000000000000000000000000000000111000000011111
0
00000000000000000000000000000000000000000000000000000000000000000000000002200000000220000000000000000000000000000000000000000000000000000000000000000000000000000000000000000000000000000111000000011111
0
00000000000000000000000000000000000000000000000000000000000000000000000000000000000220000000022000000000000000000000000000000000000000000000000000000000000000000000000000000000000000000111000000011111
0
00000000000000000000000000000000000000000000000000000000000000000000000000000000000000000000022000000002200000000000000000000000000000000000000000000000000000000000000000000000000000000111000000011111
0
00000000000000000000000000000000000000000000000000000000000000000000000000000000000000000000000000000002200000000220000000000000000000000000000000000000000000000000000000000000000000000111000000011111
0
00000000000000000000000000000000000000000000000000000000000000000000000000000000000000000000000000000000000000000220000000022000000000000000000000000000000000000000000000000000000000000111000000011111
0
00000000000000000000000000000000000000000000000000000000000000000000000000000000000000000000000000000000000000000000000000022000000002200000000000000000000000000000000000000000000000000111000000011111
0
00000000000000000000000000000000000000000000000000000000000000000000000000000000000000000000000000000000000000000000000000000000000002200000000220000000000000000000000000000000000000000111000000011111
4
00000000000000000000000000000000000000000000000000000000000000000000000000000000000000000000000000000000000000000000000000000000000000000000000022000000002200000000000000000000000000000111000000011111
4
00000000000000000000000000000000000000000000000000000000000000000000000000000000000000000000000000000000000000000000000000000000000000000000000000000000000220000000022000000000000000000111000000011111
4
00000000000000000000000000000000000000000000000000000000000000000000000000000000000000000000000000000000000000000000000000000000000000000000000000000000000000000000002200000000220000000111000000011111
4
00000000000000000000000000000000000000000000000000000000000000000000000000000000000000000000000000000000000000000000000000000000000000000000000000000000000000000000001100000000110000000111000000011111
0
00000000000000000000000000000000000000000000000000000000000000000000000000000000000000000000000000000000000000000000000000000000000000000000000000000000000000000000001100000000110000000111000000011111
0
00000200000000000000000000000000000000000000000000000000000000000000000000000000000000000000000000000000000000000000000000000000000000000000000000000000000000000000001100000000110000000111000000011111
0
00002200000000020000000000000000000000000000000000000000000000000000000000000000000000000000000000000000000000000000000000000000000000000000000000000000000000000000001100000000110000000111000000011111
0
00000200000000220000000002000000000000000000000000000000000000000000000000000000000000000000000000000000000000000000000000000000000000000000000000000000000000000000001100000000110000000111000000011111
0
00000000000000020000000022000000000200000000000000000000000000000000000000000000000000000000000000000000000000000000000000000000000000000000000000000000000000000000001100000000110000000111000000011111
0
00000000000000000000000002000000002200000000020000000000000000000000000000000000000000000000000000000000000000000000000000000000000000000000000000000000000000000000001100000000110000000111000000011111
0
00000000000000000000000000000000000200000000220000000002000000000000000000000000000000000000000000000000000000000000000000000000000000000000000000000000000000000000001100000000110000000111000000011111
0
00000000000000000000000000000000000000000000020000000022000000000200000000000000000000000000000000000000000000000000000000000000000000000000000000000000000000000000001100000000110000000111000000011111
0
00000000000000000000000000000000000000000000000000000002000000002200000000020000000000000000000000000000000000000000000000000000000000000000000000000000000000000000001100000000110000000111000000011111
4
00000000000000000000000000000000000000000000000000000000000000000020000000022000000000200000000000000000000000000000000000000000000000000000000000000000000000000000001100000000110000000111000000011111
4
00000000000000000000000000000000000000000000000000000000000000000000000000000200000000220000000002000000000000000000000000000000000000000000000000000000000000000000001100000000110000000111000000011111
4
00000000000000000000000000000000000000000000000000000000000000000000000000000000000000002000000002200000000020000000000000000000000000000000000000000000000000000000001100000000110000000111000000011111
0
00000000000000000000000000000000000000000000000000000000000000000000000000000000000000000000000000200000000220000000002000000000000000000000000000000000000000000000001100000000110000000111000000011111
0
00000000000000000000000000000000000000000000000000000000000000000000000000000000000000000000000000000000000020000000022000000000200000000000000000000000000000000000001100000000110000000111000000011111
4
00000000000000000000000000000000000000000000000000000000000000000000000000000000000000000000000000000000000000000000000200000000220000000002000000000000000000000000001100000000110000000111000000011111
0
00000000000000000000000000000000000000000000000000000000000000000000000000000000000000000000000000000000000000000000000000000000020000000022000000000200000000000000001100000000110000000111000000011111
0
00000000000000000000000000000000000000000000000000000000000000000000000000000000000000000000000000000000000000000000000000000000000000000002000000002200000000020000001100000000110000000111000000011111
0
00000000000000000000000000000000000000000000000000000000000000000000000000000000000000000000000000000000000000000000000000000000000000000000000000000200000000220000001102000000110000000111000000011111
0
00000000000000000000000000000000000000000000000000000000000000000000000000000000000000000000000000000000000000000000000000000000000000000000000000000000000000020000001122000000110200000111000000011111
0
00000000000000000000000000000000000000000000000000000000000000000000000000000000000000000000000000000000000000000000000000000000000000000000000000000000000000000000001102000000112200000111020000011111
0
00000000000000000000000000000000000000000000000000000000000000000000000000000000000000000000000000000000000000000000000000000000000000000000000000000000000000000000001101000000111100000111010000011111
0
00000000000000000000000000000000000000000000000000000000000000000000000000000000000000000000000000000000000000000000000000000000000000000000000000000000000000000000001101000000111100000111010000011111
3
00000000000000000000000000000000000000000000000000000000000000000000000000000000000000000000000000000000000000000000000000000000000000000000000000000000000000000000001101000000111100000111010000011111
0
00022000000000000000000000000000000000000000000000000000000000000000000000000000000000000000000000000000000000000000000000000000000000000000000000000000000000000000001101000000111100000111010000011111
0
00022000000002200000000000000000000000000000000000000000000000000000000000000000000000000000000000000000000000000000000000000000000000000000000000000000000000000000001101000000111100000111010000011111
3
00000000000022000000002200000000000000000000000000000000000000000000000000000000000000000000000000000000000000000000000000000000000000000000000000000000000000000000001101000000111100000111010000011111
3
00000000000000000000022000000002200000000000000000000000000000000000000000000000000000000000000000000000000000000000000000000000000000000000000000000000000000000000001101000000111100000111010000011111
0
00000000000000000000000000000002200000000220000000000000000000000000000000000000000000000000000000000000000000000000000000000000000000000000000000000000000000000000001101000000111100000111010000011111
4
00000000000000000000000000000000000000000022000000002200000000000000000000000000000000000000000000000000000000000000000000000000000000000000000000000000000000000000001101000000111100000111010000011111
0
00000000000000000000000000000000000000000000000000002200000000220000000000000000000000000000000000000000000000000000000000000000000000000000000000000000000000000000001101000000111100000111010000011111
4
00000000000000000000000000000000000000000000000000000000000000022000000002200000000000000000000000000000000000000000000000000000000000000000000000000000000000000000001101000000111100000111010000011111
0
00000000000000000000000000000000000000000000000000000000000000000000000002200000000220000000000000000000000000000000000000000000000000000000000000000000000000000000001101000000111100000111010000011111
0
00000000000000000000000000000000000000000000000000000000000000000000000000000000000220000000022000000000000000000000000000000000000000000000000000000000000000000000001101000000111100000111010000011111
0
00000000000000000000000000000000000000000000000000000000000000000000000000000000000000000000022000000002200000000000000000000000000000000000000000000000000000000000001101000000111100000111010000011111
0
00000000000000000000000000000000000000000000000000000000000000000000000000000000000000000000000000000002200000000220000000000000000000000000000000000000000000000000001101000000111100000111010000011111
0
00000000000000000000000000000000000000000000000000000000000000000000000000000000000000000000000000000000000000000220000000022000000000000000000000000000000000000000001101000000111100000111010000011111
0
00000000000000000000000000000000000000000000000000000000000000000000000000000000000000000000000000000000000000000000000000022000000002200000000000000000000000000000001101000000111100000111010000011111
0
00000000000000000000000000000000000000000000000000000000000000000000000000000000000000000000000000000000000000000000000000000000000002200000000220000000000000000000001101000000111100000111010000011111
0
00000000000000000000000000000000000000000000000000000000000000000000000000000000000000000000000000000000000000000000000000000000000000000000000220000000022000000000001101000000111100000111010000011111
0
00000000000000000000000000000000000000000000000000000000000000000000000000000000000000000000000000000000000000000000000000000000000000000000000000000000022000000002201101000000111100000111010000011111
0
00000000000000000000000000000000000000000000000000000000000000000000000000000000000000000000000000000000000000000000000000000000000000000000000000000000000000000002201101000220111100000111010000011111
0
00000000000000000000000000000000000000000000000000000000000000000000000000000000000000000000000000000000000000000000000000000000000000000000000000000000000000000000001101000220111100022111010000011111
0
00000000000000000000000000000000000000000000000000000000000000000000000000000000000000000000000000000000000000000000000000000000000000000000000000000000000000000000001101000000111100022111010002211111
0
00000000000000000000000000000000000000000000000000000000000000000000000000000000000000000000000000000000000000000000000000000000000000000000000000000000000000000000001101000000111100011111010001111111
0
00000000000000000000000000000000000000000000000000000000000000000000000000000000000000000000000000000000000000000000000000000000000000000000000000000000000000000000001101000000111100011111010001111111
0
00000200000000000000000000000000000000000000000000000000000000000000000000000000000000000000000000000000000000000000000000000000000000000000000000000000000000000000001101000000111100011111010001111111
0
00002200000000020000000000000000000000000000000000000000000000000000000000000000000000000000000000000000000000000000000000000000000000000000000000000000000000000000001101000000111100011111010001111111
0
00000200000000220000000002000000000000000000000000000000000000000000000000000000000000000000000000000000000000000000000000000000000000000000000000000000000000000000001101000000111100011111010001111111
0
00000000000000020000000022000000000200000000000000000000000000000000000000000000000000000000000000000000000000000000000000000000000000000000000000000000000000000000001101000000111100011111010001111111
0
00000000000000000000000002000000002200000000020000000000000000000000000000000000000000000000000000000000000000000000000000000000000000000000000000000000000000000000001101000000111100011111010001111111
3
00000000000000000000000000000000002000000002200000000020000000000000000000000000000000000000000000000000000000000000000000000000000000000000000000000000000000000000001101000000111100011111010001111111
0
00000000000000000000000000000000000000000000200000000220000000002000000000000000000000000000000000000000000000000000000000000000000000000000000000000000000000000000001101000000111100011111010001111111
0
00000000000000000000000000000000000000000000000000000020000000022000000000200000000000000000000000000000000000000000000000000000000000000000000000000000000000000000001101000000111100011111010001111111
3
00000000000000000000000000000000000000000000000000000000000000020000000022000000000200000000000000000000000000000000000000000000000000000000000000000000000000000000001101000000111100011111010001111111
0
00000000000000000000000000000000000000000000000000000000000000000000000002000000002200000000020000000000000000000000000000000000000000000000000000000000000000000000001101000000111100011111010001111111
0
00000000000000000000000000000000000000000000000000000000000000000000000000000000000200000000220000000002000000000000000000000000000000000000000000000000000000000000001101000000111100011111010001111111
2
00000000000000000000000000000000000000000000000000000000000000000000000000000000000000000000020000000022200000000000000000000000000000000000000000000000000000000000001101000000111100011111010001111111
0
00000000000000000000000000000000000000000000000000000000000000000000000000000000000000000000000000000002000000002220000000000000000000000000000000000000000000000000001101000000111100011111010001111111
3
00000000000000000000000000000000000000000000000000000000000000000000000000000000000000000000000000000000000000002000000002220000000000000000000000000000000000000000001101000000111100011111010001111111
0
00000000000000000000000000000000000000000000000000000000000000000000000000000000000000000000000000000000000000000000000000200000000222000000000000000000000000000000001101000000111100011111010001111111
3
00000000000000000000000000000000000000000000000000000000000000000000000000000000000000000000000000000000000000000000000000000000000200000000222000000000000000000000001101000000111100011111010001111111
0
00000000000000000000000000000000000000000000000000000000000000000000000000000000000000000000000000000000000000000000000000000000000000000000020000000022200000000000001101000000111100011111010001111111
0
00000000000000000000000000000000000000000000000000000000000000000000000000000000000000000000000000000000000000000000000000000000000000000000000000000002000000002220001101000000111100011111010001111111
0
00000000000000000000000000000000000000000000000000000000000000000000000000000000000000000000000000000000000000000000000000000000000000000000000000000000000000000200001101222000111100011111010001111111
0
00000000000000000000000000000000000000000000000000000000000000000000000000000000000000000000000000000000000000000000000000000000000000000000000000000000000000000000001101020000111122211111010001111111
0
00000000000000000000000000000000000000000000000000000000000000000000000000000000000000000000000000000000000000000000000000000000000000000000000000000000000000000000001101000000111102011111012221111111
0
00000000000000000000000000000000000000000000000000000000000000000000000000000000000000000000000000000000000000000000000000000000000000000000000000000000000000000000000000000000110100000011010101111111
0
00000000000000000000000000000000000000000000000000000000000000000000000000000000000000000000000000000000000000000000000000000000000000000000000000000000000000000000000000000000110100000011010101111111
0
00000220000000000000000000000000000000000000000000000000000000000000000000000000000000000000000000000000000000000000000000000000000000000000000000000000000000000000000000000000110100000011010101111111
0
00002200000000022000000000000000000000000000000000000000000000000000000000000000000000000000000000000000000000000000000000000000000000000000000000000000000000000000000000000000110100000011010101111111
0
00000000000000220000000002200000000000000000000000000000000000000000000000000000000000000000000000000000000000000000000000000000000000000000000000000000000000000000000000000000110100000011010101111111
0
00000000000000000000000022000000000220000000000000000000000000000000000000000000000000000000000000000000000000000000000000000000000000000000000000000000000000000000000000000000110100000011010101111111
0
00000000000000000000000000000000002200000000022000000000000000000000000000000000000000000000000000000000000000000000000000000000000000000000000000000000000000000000000000000000110100000011010101111111
0
00000000000000000000000000000000000000000000220000000002200000000000000000000000000000000000000000000000000000000000000000000000000000000000000000000000000000000000000000000000110100000011010101111111
0
00000000000000000000000000000000000000000000000000000022000000000220000000000000000000000000000000000000000000000000000000000000000000000000000000000000000000000000000000000000110100000011010101111111
0
00000000000000000000000000000000000000000000000000000000000000002200000000022000000000000000000000000000000000000000000000000000000000000000000000000000000000000000000000000000110100000011010101111111
0
00000000000000000000000000000000000000000000000000000000000000000000000000220000000002200000000000000000000000000000000000000000000000000000000000000000000000000000000000000000110100000011010101111111
0
00000000000000000000000000000000000000000000000000000000000000000000000000000000000022000000000220000000000000000000000000000000000000000000000000000000000000000000000000000000110100000011010101111111
0
00000000000000000000000000000000000000000000000000000000000000000000000000000000000000000000002200000000022000000000000000000000000000000000000000000000000000000000000000000000110100000011010101111111
3
00000000000000000000000000000000000000000000000000000000000000000000000000000000000000000000000000000002200000000022000000000000000000000000000000000000000000000000000000000000110100000011010101111111
0
00000000000000000000000000000000000000000000000000000000000000000000000000000000000000000000000000000000000000000220000000002200000000000000000000000000000000000000000000000000110100000011010101111111
0
00000000000000000000000000000000000000000000000000000000000000000000000000000000000000000000000000000000000000000000000000022000000000220000000000000000000000000000000000000000110100000011010101111111
3
00000000000000000000000000000000000000000000000000000000000000000000000000000000000000000000000000000000000000000000000000000000000022000000000220000000000000000000000000000000110100000011010101111111
0
00000000000000000000000000000000000000000000000000000000000000000000000000000000000000000000000000000000000000000000000000000000000000000000002200000000022000000000000000000000110100000011010101111111
4
00000000000000000000000000000000000000000000000000000000000000000000000000000000000000000000000000000000000000000000000000000000000000000000000000000000022000000000220000000000110100000011010101111111
0
00000000000000000000000000000000000000000000000000000000000000000000000000000000000000000000000000000000000000000000000000000000000000000000000000000000000000000002200000000022110100000011010101111111
0
00000000000000000000000000000000000000000000000000000000000000000000000000000000000000000000000000000000000000000000000000000000000000000000000000000000000000000000000000000220110100002211010101111111
0
00000000000000000000000000000000000000000000000000000000000000000000000000000000000000000000000000000000000000000000000000000000000000000000000000000000000000000000000000000110110100001111010101111111
0
00000000000000000000000000000000000000000000000000000000000000000000000000000000000000000000000000000000000000000000000000000000000000000000000000000000000000000000000000000110110100001111010101111111
0
00000000000000000000000000000000000000000000000000000000000000000000000000000000000000000000000000000000000000000000000000000000000000000000000000000000000000000000000000000110110100001111010101111111
0
00002220000000000000000000000000000000000000000000000000000000000000000000000000000000000000000000000000000000000000000000000000000000000000000000000000000000000000000000000110110100001111010101111111
0
00000200000000222000000000000000000000000000000000000000000000000000000000000000000000000000000000000000000000000000000000000000000000000000000000000000000000000000000000000110110100001111010101111111
0
00000000000000020000000022200000000000000000000000000000000000000000000000000000000000000000000000000000000000000000000000000000000000000000000000000000000000000000000000000110110100001111010101111111
0
00000000000000000000000002000000002220000000000000000000000000000000000000000000000000000000000000000000000000000000000000000000000000000000000000000000000000000000000000000110110100001111010101111111
0
BREAK
